0.521667 0.206000
0.477667 0.208000
0.782000 0.213750
0.652333 0.212250
0.541333 0.218500
0.614333 0.214500
0.865167 0.247500
0.672667 0.226500
0.482333 0.207000
0.737833 0.217500
0.780667 0.308750
0.619333 0.224750
0.766000 0.217250
0.773167 0.229250
0.594667 0.208250
0.609000 0.211500
0.929833 0.289750
0.669667 0.211750
0.604167 0.206250
0.739500 0.238500
0.601333 0.251000
0.609500 0.234500
0.893667 0.311000
0.498000 0.207250
0.646833 0.231500
0.692500 0.214500
0.681667 0.262250
0.503000 0.242000
0.792000 0.213500
0.665333 0.218000
0.506333 0.216500
0.709333 0.230500
0.898333 0.330000
0.455167 0.216500
0.960000 0.270250
0.949500 0.265000
0.842000 0.234000
0.623167 0.219250
0.544667 0.213000
0.796667 0.234250
0.601333 0.225000
0.725167 0.215250
0.412667 0.216000
0.532333 0.207750
0.560500 0.244500
0.793667 0.226750
0.535333 0.208500
0.860667 0.235750
0.719167 0.230250
0.473667 0.204500
0.562500 0.208000
0.682167 0.220000
0.504167 0.204500
0.730667 0.236250
0.640667 0.213750
0.619833 0.211000
0.788500 0.223250
0.586500 0.208000
0.769000 0.237000
0.705000 0.229750
0.882333 0.258250
0.598000 0.214500
0.834833 0.224250
0.495000 0.213000
0.651333 0.216750
0.656500 0.210250
0.591833 0.220250
0.988500 0.495750
0.851667 0.233750
0.402667 0.215000
0.753500 0.232250
0.675167 0.208750
0.653667 0.268250
0.579333 0.208500
0.993667 0.252500
0.593833 0.213000
0.627333 0.210250
0.524667 0.209250
0.479833 0.246000
0.575167 0.206250
0.760500 0.216500
0.825667 0.216500
0.716500 0.214000
0.567667 0.206750
0.853333 0.290250
0.689500 0.223250
0.545500 0.205500
0.474833 0.210250
0.497167 0.235250
0.758833 0.279500
0.565167 0.215750
0.550500 0.232250
0.719333 0.219750
0.786000 0.216000
0.638500 0.232250
0.885167 0.272500
0.837333 0.228000
0.751000 0.218000
0.560667 0.204500
0.471333 0.206750
0.626833 0.251750
0.776000 0.221000
0.727333 0.214000
0.731833 0.218250
0.569333 0.205500
0.968833 0.249500
0.539333 0.211000
0.669167 0.243250
0.812000 0.231500
0.487667 0.249000
0.648000 0.211500
0.602000 0.210750
0.627500 0.347500
0.799000 0.276500
0.817667 0.226250
0.643833 0.261000
0.751667 0.337250
0.517000 0.205000
0.529500 0.206250
0.699000 0.212000
0.696833 0.215500
0.703000 0.221000
0.788167 0.240750
0.806167 0.220750
0.644167 0.218500
0.636333 0.211750
0.514167 0.204500
0.797333 0.218500
0.824167 0.229250
0.549333 0.206750
0.595167 0.231000
0.824000 0.251500
0.663167 0.211750
0.517833 0.215500
0.753500 0.223500
0.996333 0.281750
0.606167 0.219000
0.772333 0.217500
0.519000 0.254000
0.294667 0.505500
0.683000 0.207250
0.902500 0.250500
0.978167 0.501000
0.685333 0.259000
0.791333 0.220000
0.572500 0.207750
0.267000 0.213750
0.803667 0.231500
0.679833 0.206000
0.656167 0.215750
0.607500 0.417000
0.274333 0.220250
0.697833 0.233750
0.822167 0.221750
0.837333 0.250500
0.544500 0.283750
0.778333 0.234500
0.744167 0.235250
0.539000 0.204500
0.743167 0.291750
0.533833 0.217250
0.724333 0.262750
0.705000 0.274000
0.611333 0.251250
0.270333 0.225000
0.741833 0.216250
0.568667 0.484750
0.623000 0.209250
0.687167 0.211500
0.872500 0.445250
0.517333 0.396000
0.889500 0.247500
0.281667 0.221750
0.701167 0.212000
0.535000 0.228750
0.744667 0.221750
0.676000 0.215000
0.586500 0.248000
0.911500 0.334500
0.828500 0.219250
0.582500 0.216500
0.704167 0.248000
0.493500 0.219750
0.579500 0.241250
0.186500 0.555000
0.581833 0.205250
0.562000 0.270000
