0.066667 0.209375
0.007292 0.556250
0.245833 0.314063
0.443750 0.159375
0.528125 0.057813
0.321875 0.160938
0.614583 0.082812
0.108333 0.137500
0.070833 0.303125
0.063542 0.868750
0.978125 0.021875
0.342708 0.326562
0.112500 0.032813
0.800000 0.425000
0.967708 0.435937
0.962500 0.704688
0.835417 0.048438
0.572917 0.067187
0.018750 0.229687
0.858333 0.139063
0.837500 0.350000
0.586458 0.406250
0.764583 0.493750
0.055208 0.160938
0.166667 0.121875
0.581250 0.176563
0.134375 0.376563
0.343750 0.135937
0.779167 0.320312
0.007292 0.687500
0.309375 0.245312
0.776042 0.237500
0.206250 0.098437
0.180208 0.406250
0.993750 0.346875
0.833333 0.301563
0.865625 0.293750
0.738542 0.128125
0.891667 0.950000
0.366667 0.221875
0.408333 0.135937
0.608333 0.575000
0.189583 0.037500
0.205208 0.623437
0.210417 0.378125
0.035417 0.439063
0.503125 0.598437
0.867708 0.500000
0.322917 0.034375
0.882292 0.032813
0.638542 0.142187
0.677083 0.020313
0.696875 0.354687
0.163542 0.026562
0.802083 0.032813
0.484375 0.242188
0.978125 0.875000
0.188542 0.242188
0.444792 0.226562
0.594792 0.242188
0.422917 0.048438
0.082292 0.026562
0.572917 0.009375
0.665625 0.414062
0.415625 0.095312
0.234375 0.170313
0.352083 0.070312
0.492708 0.184375
0.035417 0.035937
0.485417 0.132812
0.560417 0.287500
0.298958 0.278125
0.827083 0.864062
0.540625 0.764062
0.672917 0.551562
0.720833 0.026562
0.766667 0.128125
0.489583 0.315625
0.533333 0.023438
0.208333 0.320312
0.028125 0.362500
0.672917 0.914062
0.220833 0.229687
0.984375 0.273438
0.210417 0.278125
0.315625 0.134375
0.394792 0.214062
0.748958 0.275000
0.517708 0.404687
0.785417 0.357812
0.128125 0.228125
0.068750 0.123438
0.630208 0.404687
0.552083 0.331250
0.354167 0.403125
0.419792 0.240625
0.413542 0.445312
0.978125 0.081250
0.685417 0.185938
0.388542 0.389062
0.604167 0.287500
0.873958 0.640625
0.163542 0.089063
0.246875 0.365625
0.079167 0.373437
0.095833 0.107813
0.994792 0.485938
0.851042 0.023438
0.647917 0.315625
0.058333 0.031250
0.177083 0.173437
0.163542 0.342187
0.290625 0.681250
0.657292 0.057813
0.895833 0.059375
0.635417 0.042188
0.907292 0.368750
0.943750 0.145313
0.377083 0.148438
0.122917 0.093750
0.021875 0.304688
0.614583 0.021875
0.554167 0.225000
0.481250 0.104688
0.515625 0.148438
0.867708 0.095312
0.275000 0.243750
0.885417 0.404687
0.376042 0.053125
0.235417 0.028125
0.484375 0.384375
0.479167 0.056250
0.287500 0.335938
0.734375 0.342187
0.334375 0.437500
0.705208 0.128125
0.590625 0.089063
0.137500 0.276562
0.269792 0.140625
0.536458 0.421875
0.517708 0.245312
0.065625 0.282813
0.127083 0.151562
0.381250 0.104688
0.542708 0.235937
0.533333 0.140625
0.532292 0.107813
0.117708 0.059375
0.519792 0.187500
0.796875 0.070312
0.339583 0.609375
0.277083 0.076563
0.058333 0.057813
0.221875 0.479687
0.311458 0.370312
0.745833 0.653125
0.196875 0.143750
0.066667 0.264062
0.450000 0.351562
0.782292 0.012500
0.684375 0.262500
0.934375 0.332813
