0.826250 0.795526
0.990208 0.420832
0.035208 0.917162
0.964375 0.148200
0.616042 0.154841
0.953750 0.505418
0.146250 0.163230
0.504375 0.059070
0.723333 0.914366
0.381250 0.246068
0.926667 0.409297
0.942708 0.598742
0.707708 0.867529
0.142292 0.119539
0.972917 0.607829
0.997917 0.534778
0.493542 0.988116
0.965000 0.672492
0.987083 0.521496
0.755000 0.563439
0.337708 0.457532
0.722083 0.670395
0.088333 0.105557
0.399792 0.185250
0.996250 0.587207
0.004375 0.044740
0.747500 0.868577
0.123542 0.059420
0.416042 0.143307
0.861042 0.182104
0.705417 0.773156
0.673542 0.047536
0.852708 0.586159
0.003125 0.134568
0.762292 0.153792
0.035417 0.142258
0.426458 0.982873
0.886458 0.430968
0.536250 0.632646
0.782292 0.094722
0.183333 0.353023
0.204167 0.150647
0.851042 0.315274
0.708333 0.344635
0.361667 0.680881
0.163958 0.536526
0.942292 0.087732
0.665000 0.538273
0.955208 0.733660
0.752083 0.132122
0.835000 0.216707
0.153125 0.898637
0.030417 0.018175
0.688958 0.259000
0.053958 0.085285
0.422083 0.068857
0.515417 0.104858
0.973958 0.989864
0.452083 0.019574
0.748333 0.602237
0.952708 0.278224
0.472500 0.037749
0.560417 0.090178
0.411875 0.716183
0.582500 0.013282
0.783125 0.364208
0.545208 0.613771
0.112292 0.472562
0.652917 0.033904
0.586667 0.552254
0.699792 0.230339
0.758125 0.410696
0.983542 0.319119
0.944375 0.948969
0.020208 0.550856
0.861042 0.443551
0.874167 0.708144
0.509375 0.064313
0.837500 0.166725
0.622292 0.817546
0.667708 0.516603
0.792500 0.241524
0.829583 0.094373
0.275833 0.342538
0.722917 0.329256
0.106667 0.602936
0.600625 0.167424
0.203125 0.660608
0.586667 0.071653
0.705000 0.397413
0.016875 0.137015
0.781042 0.468018
0.394583 0.275778
0.014375 0.084236
0.849375 0.035302
0.750833 0.527088
0.833542 0.477805
0.041042 0.203076
0.979375 0.398812
0.263750 0.231388
0.908333 0.635442
0.947500 0.234883
0.748750 0.755680
0.167708 0.002447
0.176875 0.030758
0.958125 0.060468
0.769167 0.236281
0.980417 0.056624
0.630833 0.011534
0.151458 0.422230
0.507708 0.000699
0.530833 0.026914
0.871667 0.090178
0.883333 0.156589
0.490625 0.058371
0.537500 0.078294
0.971875 0.220203
0.243958 0.620063
0.912292 0.529186
0.583750 0.160084
0.381667 0.106606
0.682500 0.300594
0.689167 0.156938
0.503125 0.870325
0.463958 0.121286
0.298542 0.556449
0.615417 0.215309
0.741875 0.520098
0.148125 0.746942
0.105000 0.668647
0.591875 0.990213
0.016042 0.319818
0.274583 0.599441
0.080417 0.030409
0.994583 0.950717
0.980000 0.144355
0.227083 0.516952
0.506667 0.945474
0.758958 0.125131
0.966667 0.711290
0.221458 0.656763
0.825000 0.539322
0.303542 0.146452
0.311875 0.023069
0.218125 0.447046
0.767292 0.331702
0.243542 0.103810
0.472083 0.145054
0.812708 0.607829
0.105625 0.630549
0.953333 0.864383
0.921042 0.132122
0.227292 0.253408
0.210625 0.322614
0.514167 0.850751
0.185417 0.332052
0.056875 0.055225
0.810000 0.213911
0.335000 0.600140
0.744167 0.213212
0.584167 0.757078
0.665417 0.003495
0.803125 0.386578
0.815833 0.249913
0.973542 0.334848
0.909792 0.123383
0.902500 0.339392
0.271042 0.613771
0.707917 0.996155
0.544167 0.950717
0.711667 0.978329
0.796667 0.365956
0.017917 0.886054
0.674167 0.096819
0.401875 0.139462
0.631250 0.032856
0.996875 0.569731
0.669792 0.468018
0.150000 0.376791
0.647917 0.723873
0.825000 0.283467
0.813750 0.678434
0.745625 0.544215
0.694167 0.690668
0.505833 0.078993
0.981875 0.160783
0.891458 0.051381
0.034792 0.169172
0.906458 0.716183
0.828958 0.267039
0.931875 0.269137
0.959583 0.689969
0.040625 0.852849
0.430208 0.168123
0.627708 0.075498
0.041667 0.102761
0.572083 0.033904
0.295000 0.720377
0.116250 0.003845
0.904375 0.824537
0.213333 0.463125
0.793750 0.120238
0.715833 0.535827
0.597500 0.973086
0.832292 0.312129
0.628542 0.797973
0.242708 0.254806
0.222917 0.589654
0.742083 0.072003
0.669583 0.679832
0.715000 0.153093
0.011458 0.763719
0.157500 0.480252
0.831042 0.017127
0.952292 0.448445
0.996875 0.004893
0.125208 0.552954
0.306250 0.105208
0.829792 0.581615
0.001667 0.242573
0.821875 0.365606
0.675833 0.544215
0.870208 0.103460
0.688750 0.791332
0.450000 0.053478
0.261875 0.417686
0.553333 0.136316
0.511042 0.013282
0.782708 0.436910
0.907292 0.165676
0.716042 0.471513
0.802083 0.621461
0.848958 0.736456
0.598542 0.026914
0.917500 0.290807
0.621250 0.106257
0.372708 0.577071
0.666042 0.054876
0.146042 0.041244
0.294792 0.079343
0.095417 0.871024
0.003750 0.116742
0.550417 0.042293
0.651875 0.695561
0.455417 0.175114
0.699583 0.977980
0.838333 0.042293
0.245625 0.236281
0.526875 0.654317
0.352292 0.017127
0.825208 0.818944
0.692917 0.941629
0.002500 0.226844
0.621875 0.189095
0.562917 0.788885
0.731458 0.213911
0.075417 0.623209
0.221875 0.163230
0.460833 0.082838
0.917500 0.610276
0.435000 0.853897
0.643750 0.180007
0.989792 0.044041
0.136042 0.165327
0.781458 0.178958
0.803542 0.842363
0.668333 0.028312
0.757292 0.308633
0.519375 0.150647
0.556042 0.003495
0.623958 0.638238
0.903125 0.433415
0.461042 0.813002
0.890625 0.484096
0.402292 0.889200
0.767500 0.922754
0.906042 0.011185
0.089167 0.638937
0.074583 0.225446
0.046875 0.186648
0.046458 0.774205
0.483125 0.091227
0.917917 0.986718
0.670000 0.821391
0.077083 0.089479
0.537500 0.781894
0.899375 0.089479
0.897083 0.591402
0.237500 0.281370
0.593958 0.892345
0.763750 0.728067
0.630417 0.046837
0.451667 0.976582
0.762083 0.111849
0.299792 0.357917
0.750000 0.835023
0.999167 0.882559
0.984167 0.004893
0.913750 0.891297
0.943125 0.712688
0.885000 0.041594
0.272292 0.479203
0.835833 0.451241
0.612708 0.055925
0.522917 0.740650
0.882708 0.313177
0.717708 0.104159
0.904167 0.104509
0.443958 0.184201
0.738125 0.692066
0.375417 0.199930
0.916458 0.567284
0.701250 0.508563
0.924167 0.909472
0.479375 0.196085
0.814167 0.186648
0.114167 0.153792
0.862500 0.459630
0.923542 0.968892
0.278542 0.427473
0.979167 0.298148
0.881042 0.075848
0.930833 0.096120
0.692083 0.020972
0.221042 0.559595
0.896042 0.257602
0.992500 0.479902
0.899167 0.135617
0.680417 0.916463
0.043958 0.010835
0.738333 0.190493
0.580208 0.004194
0.543958 0.975883
0.621250 0.852150
0.270833 0.133520
0.887500 0.735757
0.601667 0.160433
0.795833 0.274030
0.850833 0.888501
0.876042 0.603985
0.007917 0.020273
0.186042 0.779098
0.896042 0.006991
0.610833 0.698357
0.846458 0.961901
0.877708 0.937784
0.325208 0.357917
0.087708 0.139112
0.345000 0.060468
0.298125 0.201678
0.998750 0.916463
0.197083 0.507864
0.313125 0.129675
0.578333 0.054526
0.760000 0.454736
0.933542 0.124432
0.636458 0.996854
0.797708 0.311080
0.009167 0.924502
0.787292 0.141908
0.234792 0.114296
0.840833 0.376092
0.961667 0.814750
0.702917 0.254806
0.543542 0.021321
0.041250 0.284865
0.937708 0.074799
0.327292 0.220552
0.170833 0.720377
0.970625 0.308983
0.546042 0.004194
0.680208 0.060119
0.766458 0.399511
0.641042 0.749738
0.649375 0.809857
0.167292 0.494582
0.216875 0.250262
0.065208 0.012233
0.735833 0.360014
0.774583 0.208319
0.827292 0.209717
0.797917 0.095421
0.835000 0.698357
0.655417 0.018525
0.671667 0.638238
0.286458 0.373646
0.932500 0.044390
0.673125 0.607480
0.441042 0.068857
0.014375 0.153093
0.255833 0.131073
0.821042 0.404754
0.984375 0.176162
0.850417 0.150647
0.404167 0.226844
0.565000 0.850052
0.603750 0.205523
0.747083 0.230689
0.351875 0.186998
0.984375 0.306536
0.434375 0.130724
0.356667 0.418735
0.703125 0.292206
0.851667 0.220902
0.265208 0.197134
0.149167 0.013282
0.892708 0.138413
0.205417 0.823488
0.634375 0.632646
0.475625 0.014331
0.507500 0.168473
0.898542 0.782244
0.830625 0.770360
0.626042 0.252709
0.030000 0.894443
0.914375 0.255156
0.053125 0.494582
0.786250 0.194338
0.809583 0.006991
0.969167 0.263195
0.811875 0.528487
0.010833 0.204823
0.161667 0.331353
0.680417 0.794827
0.717083 0.764069
0.749167 0.442852
0.491667 0.803565
0.825000 0.657812
0.798333 0.174065
0.923125 0.312828
0.695208 0.548410
0.322917 0.127927
0.722708 0.368053
0.024167 0.044041
0.473958 0.071304
0.919583 0.822090
0.611875 0.190143
0.849375 0.085984
0.455833 0.901084
0.627708 0.192940
0.780000 0.579518
0.494583 0.182454
0.025625 0.782244
0.541875 0.144006
0.101042 0.045788
0.385417 0.063614
0.956458 0.094023
0.710417 0.215309
0.398958 0.304089
0.110208 0.127228
0.149167 0.124432
0.980833 0.508563
0.856458 0.774205
0.766458 0.181755
0.711042 0.741000
0.917292 0.461028
0.904792 0.083537
0.496042 0.153443
0.862500 0.216358
0.501250 0.001398
0.825208 0.436910
0.095000 0.170919
0.836042 0.732261
0.128542 0.967843
0.262500 0.455435
0.576250 0.900734
0.995208 0.780496
0.502917 0.127228
0.943750 0.542468
0.811458 0.879413
0.872500 0.026914
0.162292 0.042642
0.651042 0.759874
0.263333 0.533729
0.754583 0.187697
0.212500 0.272632
0.477292 0.738203
0.783333 0.679483
0.855417 0.996155
0.682292 0.638937
0.411458 0.105208
0.595208 0.082838
0.775833 0.650821
0.627083 0.563439
0.397083 0.802866
0.898958 0.027962
0.209375 0.100664
0.363750 0.220552
0.250000 0.226145
0.997500 0.138413
0.165208 0.065012
0.716667 0.137714
0.324375 0.551905
0.718750 0.307585
0.892917 0.987417
0.949375 0.293953
0.028750 0.351276
0.477917 0.934988
0.856042 0.544914
0.894792 0.632995
0.844375 0.230689
0.973958 0.097518
0.840208 0.630898
0.269792 0.510311
0.890625 0.343237
0.031875 0.697658
0.775625 0.712688
0.531667 0.004194
0.076875 0.051381
0.127500 0.126529
0.920625 0.173366
0.501042 0.038099
0.781042 0.239776
0.802083 0.810556
0.358542 0.079343
0.056875 0.026215
0.175625 0.641384
0.691458 0.177910
0.460000 0.010835
0.788333 0.707445
0.554583 0.181056
0.774167 0.367005
0.192917 0.126180
0.843750 0.291856
0.958125 0.020972
0.856250 0.516253
0.692500 0.101014
0.114167 0.023418
0.913542 0.058022
0.067083 0.705697
0.221458 0.227892
0.264792 0.931492
0.766875 0.043691
0.749583 0.681929
0.577917 0.179657
0.463750 0.142258
0.790208 0.795177
0.203542 0.761971
0.597292 0.596645
0.731250 0.098567
0.890625 0.320517
0.877708 0.808808
0.545000 0.580916
0.538542 0.091227
0.076250 0.201328
0.755833 0.633695
0.517708 0.674240
0.900625 0.291157
0.903333 0.846907
0.704583 0.073401
0.024375 0.234533
0.865625 0.338343
0.669167 0.878364
0.958958 0.196435
0.977292 0.361412
0.791042 0.027263
0.351875 0.370849
0.622708 0.061517
0.998750 0.024117
0.257500 0.648724
0.702917 0.638588
0.585208 0.055925
0.924375 0.209717
0.067500 0.446697
0.795833 0.046138
0.842917 0.609228
0.880833 0.060119
0.555417 0.157987
0.758542 0.046837
0.229167 0.290807
0.952083 0.901433
0.590208 0.833275
0.813958 0.636840
0.947292 0.150297
0.984167 0.085285
0.679167 0.572877
0.218125 0.213911
0.156667 0.074449
0.906458 0.954561
0.575000 0.948270
0.952500 0.246417
0.912292 0.508563
0.623958 0.927648
0.691875 0.720377
0.261875 0.727019
0.135000 0.003146
0.183750 0.203775
0.699375 0.421181
0.585833 0.027263
0.969792 0.010486
0.959375 0.586159
0.252500 0.208668
0.480833 0.124432
0.617708 0.020273
0.637708 0.055925
0.177292 0.599790
0.667083 0.073401
0.265000 0.116393
0.811667 0.468018
0.863333 0.958756
0.644792 0.973436
0.807292 0.146103
0.203750 0.167424
0.761667 0.099266
0.862292 0.642433
0.994792 0.709542
0.934792 0.230339
0.648958 0.461028
0.947917 0.669696
0.036250 0.595246
0.883750 0.755330
0.413958 0.783642
0.132500 0.784691
0.268125 0.162181
0.721875 0.798322
0.420000 0.096819
0.913125 0.749738
0.992917 0.984970
0.437292 0.188046
0.754167 0.423279
0.913958 0.484096
0.098542 0.198532
0.925833 0.260049
0.061875 0.322964
0.821875 0.044740
0.268125 0.558895
0.211458 0.241174
0.638333 0.091576
0.660208 0.577420
0.647292 0.865432
0.813542 0.279972
0.781667 0.388675
0.053542 0.155190
0.361667 0.744495
0.119375 0.052429
0.831042 0.236980
0.802292 0.228941
0.440625 0.139811
0.867708 0.124782
0.192708 0.174065
0.911875 0.327158
0.713750 0.695561
0.529167 0.110451
0.794792 0.200280
0.328750 0.235931
0.950000 0.165676
0.180417 0.563439
0.839792 0.264243
0.941875 0.178259
0.791667 0.213911
0.941458 0.408598
0.946667 0.075498
0.176875 0.220203
0.029375 0.186998
0.445000 0.159734
0.460833 0.058371
0.919792 0.203425
0.847292 0.666201
0.174375 0.698008
0.648542 0.520098
0.857292 0.360364
0.281250 0.393569
0.968542 0.119189
0.726875 0.529885
0.713542 0.406851
0.847083 0.177910
0.973958 0.475358
0.390833 0.634394
0.460000 0.659210
0.705833 0.055925
0.804792 0.580217
0.448542 0.668997
0.718333 0.041244
0.239375 0.505068
0.989375 0.035652
0.084792 0.527438
0.915833 0.358266
0.950625 0.358965
0.400833 0.668298
0.560208 0.733310
0.896667 0.160433
0.252917 0.019923
0.088333 0.238728
0.704583 0.179308
0.046667 0.343936
0.786875 0.039846
0.526667 0.048934
0.782500 0.533729
0.595833 0.646627
0.800000 0.342538
0.693542 0.673541
0.870208 0.899336
0.784792 0.635792
0.352292 0.170220
0.597708 0.053827
0.881250 0.088780
0.948125 0.131423
0.572500 0.679133
0.786667 0.836421
0.783750 0.074799
0.752292 0.208668
0.046458 0.228941
0.038125 0.328207
0.068958 0.636491
0.542292 0.817197
0.748542 0.055925
0.255417 0.376442
0.193125 0.541769
0.473125 0.055575
0.494583 0.007690
0.816667 0.134568
0.809167 0.118840
0.802292 0.730164
0.110000 0.246767
0.138125 0.093324
0.755000 0.224747
0.865000 0.845509
0.525833 0.167774
0.857292 0.679133
0.566250 0.024467
0.860000 0.004893
0.607708 0.937085
0.146042 0.392870
0.911667 0.137714
0.628750 0.883957
0.539375 0.164977
0.485625 0.035302
0.038958 0.528137
0.704792 0.449843
0.943542 0.870675
0.352292 0.318770
0.890208 0.941279
0.074583 0.761622
0.804167 0.372947
0.659583 0.620063
0.544583 0.097169
0.832292 0.407899
0.807917 0.034254
0.723750 0.549458
0.202500 0.480252
0.173958 0.148899
0.588750 0.043341
0.544167 0.760573
0.680208 0.674240
0.443542 0.119888
0.300000 0.169172
0.002917 0.171968
0.814375 0.953862
0.765625 0.778749
0.790000 0.053827
0.570208 0.005592
0.786250 0.923104
0.853958 0.482349
0.988542 0.056973
0.351042 0.507864
0.804167 0.066061
0.858542 0.095072
0.750208 0.275079
0.788125 0.312129
0.175833 0.130024
0.790208 0.248515
0.728125 0.718280
0.211458 0.517651
0.733125 0.261098
0.765833 0.592450
0.830000 0.841664
0.537708 0.993708
0.706458 0.373296
0.188958 0.144355
0.140417 0.811954
0.427708 0.103810
0.841042 0.199930
0.998750 0.257602
0.018958 0.807410
0.938125 0.246767
0.427917 0.620412
0.384375 0.095421
0.968750 0.838168
0.750833 0.162181
0.768750 0.984970
0.094167 0.029011
0.737083 0.651520
0.613333 0.766515
0.736667 0.831877
0.905000 0.050332
0.663333 0.421181
0.208333 0.125481
0.422500 0.048584
0.218958 0.299196
0.918542 0.713387
0.078542 0.121286
0.081042 0.442153
0.932708 0.353722
0.670625 0.114645
0.822917 0.982524
0.438333 0.707095
0.920208 0.433764
0.058958 0.461727
0.276042 0.354422
0.169375 0.172317
0.889375 0.124782
0.516042 0.713736
0.692292 0.837819
0.449167 0.093324
0.885833 0.137015
0.605000 0.004194
0.895000 0.108004
0.442708 0.683677
0.838333 0.057672
0.045417 0.902482
0.502083 0.102412
0.547500 0.067109
0.692917 0.584062
0.237708 0.074100
0.718333 0.290108
0.089167 0.714436
0.887708 0.186298
0.328750 0.436561
0.340625 0.176512
0.033125 0.506816
0.173542 0.663055
0.705833 0.559245
0.828542 0.118141
0.516667 0.032856
0.086875 0.003845
0.807292 0.445998
0.170625 0.298847
0.796667 0.016777
0.812292 0.709193
0.120208 0.591751
0.974167 0.663055
0.311667 0.448445
0.748333 0.310031
0.752708 0.256204
0.106458 0.410346
0.794167 0.534778
0.808125 0.318071
0.816667 0.082838
0.859375 0.026914
0.243750 0.646278
0.936458 0.148899
0.918125 0.017127
0.567083 0.657113
0.191250 0.339042
0.967292 0.772108
0.717500 0.645928
0.852292 0.401608
0.520000 0.053827
0.902708 0.247116
0.257500 0.519748
0.680417 0.809158
0.566042 0.065012
0.634167 0.156938
0.883542 0.393219
0.662083 0.735058
0.551667 0.028661
0.944375 0.347431
0.886875 0.695911
0.005833 0.595246
0.940208 0.514855
0.591875 0.002097
0.753958 0.993359
0.195000 0.249563
0.061458 0.038099
0.927292 0.248864
0.643542 0.891297
0.792292 0.993708
0.999167 0.373296
