0.331667 0.400000
0.773333 0.465000
0.781667 0.970000
0.128333 0.625000
0.515000 0.022500
0.808333 0.570000
0.521667 0.937500
0.288333 0.172500
0.111667 0.040000
0.201667 0.695000
0.305000 0.560000
0.408333 0.645000
0.371667 0.345000
0.448333 0.017500
0.058333 0.712500
0.615000 0.302500
0.550000 0.645000
0.755000 0.360000
0.770000 0.220000
0.590000 0.597500
0.213333 0.600000
0.861667 0.320000
0.271667 0.627500
0.143333 0.767500
0.445000 0.497500
0.761667 0.665000
0.071667 0.655000
0.850000 0.510000
0.878333 0.102500
0.788333 0.320000
0.040000 0.140000
0.418333 0.182500
0.058333 0.512500
0.280000 0.670000
0.885000 0.225000
0.618333 0.485000
0.078333 0.902500
0.573333 0.700000
0.683333 0.915000
0.065000 0.222500
0.381667 0.745000
0.688333 0.455000
0.330000 0.747500
0.378333 0.475000
0.068333 0.077500
0.213333 0.242500
0.958333 0.230000
0.390000 0.175000
0.786667 0.280000
0.488333 0.722500
0.330000 0.145000
0.843333 0.405000
0.938333 0.495000
0.046667 0.677500
0.661667 0.565000
0.651667 0.680000
0.741667 0.745000
0.971667 0.360000
0.010000 0.480000
0.928333 0.297500
0.771667 0.787500
0.686667 0.385000
0.691667 0.790000
0.898333 0.355000
0.846667 0.647500
0.465000 0.160000
0.681667 0.120000
0.691667 0.495000
0.833333 0.170000
0.223333 0.287500
0.595000 0.152500
0.521667 0.737500
0.898333 0.560000
0.271667 0.220000
0.570000 0.220000
0.381667 0.032500
0.598333 0.032500
0.686667 0.050000
0.188333 0.902500
0.691667 0.890000
0.488333 0.075000
0.145000 0.815000
0.838333 0.940000
0.740000 0.100000
0.561667 0.115000
0.015000 0.595000
0.025000 0.095000
0.630000 0.190000
0.535000 0.270000
0.323333 0.895000
0.128333 0.680000
0.868333 0.032500
0.483333 0.630000
0.188333 0.545000
0.938333 0.790000
0.290000 0.802500
0.265000 0.455000
0.258333 0.105000
0.393333 0.580000
0.205000 0.090000
0.296667 0.305000
0.010000 0.785000
0.196667 0.372500
0.360000 0.297500
0.271667 0.895000
0.420000 0.717500
0.111667 0.452500
0.336667 0.615000
0.171667 0.137500
0.238333 0.947500
0.551667 0.142500
0.358333 0.840000
0.941667 0.435000
0.448333 0.887500
0.921667 0.195000
0.008333 0.395000
0.721667 0.707500
0.568333 0.550000
0.621667 0.087500
0.965000 0.140000
0.135000 0.500000
0.931667 0.942500
0.431667 0.322500
0.810000 0.730000
0.433333 0.567500
0.768333 0.390000
0.240000 0.770000
0.685000 0.605000
0.663333 0.162500
0.815000 0.140000
0.498333 0.217500
0.290000 0.095000
0.205000 0.015000
0.251667 0.065000
0.955000 0.045000
0.495000 0.315000
0.453333 0.765000
0.263333 0.400000
0.691667 0.345000
0.008333 0.662500
0.355000 0.690000
0.781667 0.010000
0.200000 0.650000
0.201667 0.145000
0.500000 0.500000
0.848333 0.462500
0.153333 0.280000
0.625000 0.335000
0.095000 0.270000
0.918333 0.025000
0.015000 0.835000
0.831667 0.895000
0.946667 0.610000
0.253333 0.500000
0.730000 0.165000
0.821667 0.755000
0.255000 0.527500
0.066667 0.790000
0.971667 0.845000
0.300000 0.972500
0.095000 0.367500
0.798333 0.607500
0.913333 0.695000
0.113333 0.120000
0.048333 0.440000
0.570000 0.015000
0.080000 0.845000
0.136667 0.555000
0.335000 0.215000
0.603333 0.625000
0.373333 0.905000
0.401667 0.802500
0.530000 0.155000
0.135000 0.350000
0.478333 0.810000
0.938333 0.715000
0.558333 0.325000
0.898333 0.840000
0.741667 0.565000
0.658333 0.260000
0.715000 0.245000
0.571667 0.857500
0.750000 0.930000
