0.415234 0.695625
0.134375 0.723125
0.785547 0.555000
0.116406 0.588125
0.116797 0.611250
0.530859 0.675000
0.802344 0.690000
0.450000 0.603125
0.694141 0.591250
0.728906 0.600000
0.355859 0.629375
0.596094 0.527500
0.309375 0.696875
0.377344 0.571250
0.896484 0.544375
0.162109 0.663125
0.415234 0.550000
0.825391 0.566875
0.189453 0.567500
0.871094 0.541250
0.792969 0.553750
0.754297 0.539375
0.837891 0.629375
0.440625 0.556250
0.619922 0.534375
0.538672 0.608125
0.455859 0.566250
0.498047 0.610000
0.862891 0.628750
0.657422 0.657500
0.855078 0.581250
0.824219 0.566875
0.662500 0.543750
0.731250 0.588750
0.460156 0.642500
0.035156 0.738125
0.889453 0.548750
0.701953 0.622500
0.622656 0.639375
0.735156 0.551875
0.338281 0.634375
0.196875 0.578125
0.196484 0.687500
0.425781 0.597500
0.375000 0.559375
0.661719 0.588750
0.878906 0.538750
0.714844 0.593750
0.466016 0.565625
0.612891 0.534375
0.319531 0.565000
0.638281 0.599375
0.564453 0.583750
0.073438 0.606250
0.572656 0.538125
0.568359 0.572500
0.766016 0.546250
0.673047 0.685625
0.644141 0.610000
0.515625 0.548750
0.560156 0.586875
0.273828 0.556250
0.716016 0.660000
0.966016 0.548125
0.682422 0.546250
0.792578 0.580625
0.568750 0.671250
0.914453 0.533750
0.997656 0.690000
0.534375 0.576250
0.591406 0.546875
0.095312 0.606250
0.667969 0.543750
0.741016 0.547500
0.627734 0.628125
0.577344 0.580000
0.235547 0.600000
0.407813 0.555000
0.235547 0.635625
0.661719 0.576875
0.491406 0.605000
0.600391 0.588125
0.153516 0.605625
0.359766 0.542500
0.578906 0.536250
0.051172 0.610625
0.046094 0.636250
0.776172 0.557500
0.819531 0.653750
0.749609 0.667500
0.636328 0.549375
0.746094 0.546250
0.701953 0.611875
0.757031 0.578750
0.412891 0.621250
0.874219 0.533750
0.489844 0.575000
0.125000 0.584375
0.508594 0.560625
0.477734 0.606875
0.467969 0.548125
0.045312 0.649375
0.738672 0.546250
0.279297 0.599375
0.467578 0.601875
0.197656 0.555625
0.543359 0.614375
0.917578 0.679375
0.607031 0.573750
0.169922 0.560625
0.434766 0.606250
0.424609 0.553750
0.183984 0.579375
0.341406 0.569375
0.366016 0.619375
0.206250 0.556250
0.798828 0.546875
0.607422 0.665625
0.867188 0.680000
0.604688 0.575625
0.873047 0.723750
0.624219 0.651250
0.295703 0.575000
0.075391 0.673125
0.758594 0.595000
0.285156 0.609375
0.803906 0.568125
0.674219 0.545000
0.637891 0.651250
0.819141 0.551250
0.783203 0.546250
0.218359 0.551250
0.781641 0.555625
0.787109 0.543750
0.307812 0.588125
0.818750 0.564375
0.893359 0.548750
0.541797 0.548125
0.438281 0.547500
0.300781 0.572500
0.615234 0.635625
0.751563 0.555625
0.452734 0.569375
0.524219 0.571875
0.808203 0.549375
0.105078 0.608125
0.229687 0.636250
0.734766 0.608750
0.400781 0.636250
0.212109 0.552500
0.397266 0.600625
0.510156 0.541250
0.023828 0.611875
0.281641 0.556875
0.350781 0.540000
0.877344 0.553125
0.995313 0.641875
0.653516 0.579375
0.550000 0.571250
0.250000 0.585000
0.532422 0.542500
0.748437 0.578750
0.362109 0.685000
0.957031 0.656875
0.957031 0.543750
0.347656 0.614375
0.906250 0.556250
0.381250 0.575000
0.752344 0.598125
0.579688 0.654375
0.389844 0.601875
0.956641 0.743125
0.842187 0.548125
0.862500 0.543125
0.861719 0.624375
0.906641 0.545625
0.372266 0.538125
0.157422 0.579375
0.355469 0.558125
0.876953 0.619375
0.329688 0.580000
0.241797 0.548750
0.166406 0.651250
0.791016 0.572500
0.398438 0.553750
0.162891 0.560625
0.887109 0.566875
0.829688 0.629375
0.555859 0.653750
0.364063 0.554375
0.597656 0.587500
0.763672 0.550000
0.492578 0.561250
0.833203 0.542500
0.108203 0.683750
0.532813 0.575625
0.017969 0.692500
0.981641 0.481875
0.260547 0.666250
0.895703 0.642500
0.730859 0.667500
0.344922 0.548125
0.538281 0.629375
0.899219 0.638750
0.457422 0.550625
0.292578 0.600000
0.869141 0.622500
0.305859 0.567500
0.342969 0.579375
0.944141 0.679375
0.231641 0.703125
0.856641 0.549375
0.688672 0.591875
0.371484 0.563750
0.037500 0.618125
0.694922 0.620000
0.919141 0.660000
0.376953 0.551875
0.761719 0.569375
0.371484 0.549375
0.381641 0.544375
0.123047 0.734375
0.969531 0.660000
0.376953 0.575625
0.634375 0.636250
0.897656 0.554375
0.526563 0.552500
0.558594 0.584375
0.581250 0.580000
0.891016 0.674375
0.883984 0.537500
0.480859 0.578125
0.327344 0.579375
0.840625 0.566250
0.405078 0.606250
0.693359 0.544375
0.283203 0.575000
0.750000 0.560625
0.032813 0.613750
0.771875 0.537500
0.910156 0.547500
0.757031 0.697500
0.960938 0.543125
0.890234 0.567500
0.782813 0.564375
0.351172 0.566250
0.774609 0.581875
0.230078 0.691875
0.657031 0.574375
0.242969 0.790625
0.863672 0.557500
0.950781 0.536250
0.527734 0.573750
0.534375 0.550625
0.745703 0.611250
0.664844 0.583750
0.583984 0.569375
0.801953 0.559375
0.362891 0.609375
0.164453 0.580000
0.376563 0.611250
0.402734 0.553125
0.775781 0.612500
0.459375 0.599375
0.737109 0.573750
0.578516 0.576250
0.778125 0.551250
0.827734 0.550625
0.904687 0.546250
0.610938 0.534375
0.350781 0.552500
0.395313 0.551250
0.977344 0.649375
0.798438 0.573750
0.616406 0.696875
0.350391 0.601875
0.317969 0.548750
0.058594 0.651250
0.928906 0.864375
0.859766 0.551875
0.268359 0.571875
0.541797 0.580625
0.651172 0.553750
0.898438 0.575000
0.186328 0.711250
0.346484 0.580625
0.831641 0.570000
0.760156 0.563125
0.707422 0.537500
0.660547 0.520000
0.589063 0.591875
0.288281 0.572500
0.541406 0.570000
0.354297 0.577500
0.883203 0.633750
0.449609 0.547500
0.771484 0.571250
0.587891 0.546875
0.800781 0.539375
0.262109 0.603125
0.787891 0.615000
0.495312 0.548125
0.265234 0.551875
0.901953 0.553125
0.523438 0.551250
0.418359 0.653750
0.809766 0.565000
0.594922 0.589375
0.632812 0.543125
0.651172 0.651875
0.426953 0.611250
0.211328 0.782500
0.107031 0.754375
0.773047 0.814375
0.416406 0.951250
0.658594 0.592500
0.770312 0.578750
0.630859 0.551250
0.592969 0.536875
0.811719 0.565625
0.911719 0.541875
0.851172 0.550000
0.920312 0.537500
0.317578 0.576250
0.764844 0.582500
0.490625 0.622500
0.248438 0.606250
0.783984 0.661875
0.845703 0.642500
0.216016 0.562500
0.675000 0.591250
0.178906 0.610625
0.855078 0.710000
0.713281 0.616250
0.362109 0.575000
0.313281 0.556875
0.909766 0.676875
0.519922 0.678750
0.158203 0.558125
0.480078 0.605000
0.346875 0.559375
0.609766 0.589375
0.134375 0.584375
0.807422 0.570625
0.365625 0.565000
0.323047 0.548750
0.656641 0.548750
0.546875 0.653125
0.427734 0.658125
0.375781 0.601250
0.644531 0.716875
0.970703 0.645000
0.273828 0.574375
0.539453 0.539375
0.677344 0.546875
0.201563 0.573125
0.495703 0.573125
0.429297 0.623750
0.020313 0.608750
0.144531 0.909375
0.538281 0.572500
0.531250 0.561875
0.783203 0.570000
0.605469 0.611875
0.766797 0.568125
0.412109 0.605000
0.397266 0.693125
0.011719 0.680625
0.903125 0.548750
0.811328 0.555000
0.751953 0.570000
0.383984 0.556250
0.367578 0.919375
0.625391 0.664375
0.012500 0.738750
0.435937 0.558125
0.803125 0.577500
0.545703 0.523125
0.042969 0.606250
0.865625 0.616875
0.744531 0.565000
0.535156 0.617500
0.599609 0.536250
0.603125 0.585625
0.594922 0.668125
0.897656 0.628125
0.744922 0.571250
0.416797 0.541250
0.651563 0.620000
0.525781 0.540625
0.186328 0.690625
0.971875 0.695625
0.588281 0.536250
0.064453 0.604375
0.740625 0.590000
0.691797 0.688750
0.314844 0.570000
0.858594 0.630625
0.793359 0.661875
0.806641 0.608125
0.444141 0.682500
0.882422 0.567500
0.644141 0.553750
0.261328 0.578125
0.363672 0.602500
0.624609 0.531875
0.526172 0.565625
0.389844 0.544375
0.775781 0.568125
0.316797 0.606250
0.574609 0.592500
0.186328 0.556250
0.603906 0.700000
0.787891 0.566250
0.279297 0.573750
