0.826250 0.816135
0.608750 0.431520
0.703750 0.348968
0.807500 0.540338
0.900000 0.602251
0.995000 0.367730
0.103750 0.121951
0.237500 0.129456
0.313750 0.000000
0.802500 0.500938
0.070000 0.422139
0.878750 0.551595
0.607500 0.148218
0.405000 0.283302
0.166250 0.133208
0.047500 0.701689
0.767500 0.482176
0.933750 0.110694
0.306250 0.315197
0.941250 0.326454
0.001250 0.823640
0.025000 0.686679
0.315000 0.185741
0.028750 0.210131
0.578750 0.075047
0.426250 0.028143
0.601250 0.052533
0.543750 0.046904
0.323750 0.215760
0.151250 0.354597
0.943750 0.305816
0.490000 0.009381
0.095000 0.142589
0.570000 0.056285
0.050000 0.424015
0.036250 0.003752
0.780000 0.589118
0.163750 0.579737
0.406250 0.300188
0.800000 0.003752
0.597500 0.416510
0.945000 0.180113
0.878750 0.176360
0.958750 0.530957
0.473750 0.076923
0.123750 0.320826
0.828750 0.585366
0.980000 0.587242
0.142500 0.015009
0.032500 0.596623
0.931250 0.181989
0.112500 0.003752
0.823750 0.056285
0.076250 0.482176
0.652500 0.339587
0.282500 0.373358
0.790000 0.007505
0.138750 0.120075
0.871250 0.041276
0.966250 0.283302
0.216250 0.499062
0.547500 0.500938
0.860000 0.786116
0.482500 0.185741
0.600000 0.078799
0.247500 0.317073
0.302500 0.180113
0.938750 0.157598
0.123750 0.028143
0.511250 0.476548
0.290000 0.159475
0.400000 0.560976
0.251250 0.069418
0.001250 0.022514
0.202500 0.607880
0.661250 0.067542
0.791250 0.099437
0.598750 0.260788
0.247500 0.671670
0.371250 0.354597
0.731250 0.455910
0.880000 0.786116
0.786250 0.058161
0.951250 0.322702
0.428750 0.088180
0.631250 0.121951
0.241250 0.427767
0.795000 0.103189
0.337500 0.088180
0.012500 0.054409
0.683750 0.463415
0.945000 0.294559
0.220000 0.448405
0.101250 0.093809
0.337500 0.001876
0.128750 0.409006
0.677500 0.318949
0.601250 0.174484
0.756250 0.363977
0.133750 0.564728
0.537500 0.039400
0.633750 0.069418
0.482500 0.793621
0.228750 0.420263
0.527500 0.632270
0.610000 0.123827
0.485000 0.105066
0.620000 0.050657
0.617500 0.527205
0.807500 0.392120
0.876250 0.069418
0.347500 0.249531
0.318750 0.016886
0.911250 0.799250
0.668750 0.200750
0.535000 0.362101
0.680000 0.626642
0.091250 0.540338
0.780000 0.504690
0.820000 0.118199
0.723750 0.015009
0.393750 0.377111
0.020000 0.266417
0.875000 0.339587
0.202500 0.221388
0.157500 0.343340
0.413750 0.615385
0.792500 0.446529
0.216250 0.474672
0.292500 0.335835
0.152500 0.120075
0.296250 0.525328
0.995000 0.052533
0.177500 0.469043
0.042500 0.133208
0.808750 0.656660
0.036250 0.455910
0.962500 0.138837
0.346250 0.093809
0.207500 0.427767
0.457500 0.076923
0.403750 0.530957
0.685000 0.395872
0.391250 0.679174
0.155000 0.150094
0.076250 0.043152
0.012500 0.309568
0.672500 0.133208
0.776250 0.288931
0.340000 0.065666
0.052500 0.384615
0.943750 0.005629
0.345000 0.026266
0.123750 0.223265
0.176250 0.354597
0.931250 0.508443
0.180000 0.829268
0.383750 0.525328
0.247500 0.585366
0.713750 0.613508
0.270000 0.671670
0.160000 0.564728
0.652500 0.180113
0.747500 0.016886
0.258750 0.069418
0.411250 0.135084
0.931250 0.080675
0.697500 0.574109
0.983750 0.242026
0.571250 0.009381
0.185000 0.585366
0.586250 0.371482
0.936250 0.292683
0.258750 0.212008
0.433750 0.392120
0.617500 0.540338
0.835000 0.198874
0.745000 0.564728
0.843750 0.540338
0.366250 0.320826
0.008750 0.589118
0.193750 0.333959
0.418750 0.202627
0.586250 0.335835
0.822500 0.166979
0.408750 0.604128
0.700000 0.532833
0.082500 0.026266
0.100000 0.065666
0.836250 0.086304
0.595000 0.187617
0.721250 0.577861
0.936250 0.005629
0.405000 0.106942
0.398750 0.579737
0.520000 0.082552
0.501250 0.649156
0.922500 0.005629
0.263750 0.093809
0.846250 0.166979
0.138750 0.671670
0.627500 0.427767
0.966250 0.388368
0.935000 0.277674
0.872500 0.272045
0.145000 0.138837
0.911250 0.043152
0.738750 0.577861
0.425000 0.637899
0.373750 0.318949
0.480000 0.245779
0.550000 0.476548
0.568750 0.604128
0.923750 0.298311
0.242500 0.303940
0.946250 0.144465
0.746250 0.296435
0.456250 0.090056
0.027500 0.562852
0.750000 0.431520
0.067500 0.108818
0.122500 0.272045
0.361250 0.251407
0.182500 0.326454
0.653750 0.609756
0.510000 0.127580
0.315000 0.287054
0.078750 0.127580
0.635000 0.294559
0.376250 0.217636
0.913750 0.247655
0.476250 0.140713
0.713750 0.549719
0.880000 0.302064
0.107500 0.236398
0.725000 0.309568
0.126250 0.442777
0.310000 0.228893
0.008750 0.330206
0.222500 0.200750
0.937500 0.363977
0.287500 0.091932
0.087500 0.189493
0.451250 0.142589
0.856250 0.009381
0.716250 0.787992
0.756250 0.303940
0.205000 0.174484
0.367500 0.619137
0.488750 0.071295
0.966250 0.009381
0.211250 0.628518
0.638750 0.395872
0.655000 0.545966
0.673750 0.007505
0.051250 0.005629
0.803750 0.046904
0.990000 0.009381
0.218750 0.035647
0.990000 0.414634
0.992500 0.270169
0.892500 0.621013
0.212500 0.688555
0.106250 0.358349
0.830000 0.232645
0.171250 0.545966
0.500000 0.677298
0.673750 0.504690
0.097500 0.063790
0.982500 0.384615
0.558750 0.150094
0.576250 0.129456
0.066250 0.016886
0.462500 0.155722
0.848750 0.183865
0.953750 0.138837
0.956250 0.395872
0.991250 0.245779
0.655000 0.467167
0.281250 0.514071
0.518750 0.589118
0.651250 0.071295
0.006250 0.388368
0.913750 0.302064
0.757500 0.652908
0.110000 0.045028
0.267500 0.544090
0.863750 0.266417
0.297500 0.285178
0.975000 0.566604
0.808750 0.155722
0.296250 0.121951
0.208750 0.260788
0.221250 0.215760
0.983750 0.161351
0.623750 0.225141
0.448750 0.003752
0.983750 0.180113
0.776250 0.155722
0.916250 0.005629
0.160000 0.183865
0.180000 0.183865
0.911250 0.159475
0.951250 0.069418
0.991250 0.478424
0.216250 0.808630
0.716250 0.517824
0.893750 0.669794
0.238750 0.549719
0.823750 0.011257
0.587500 0.140713
0.918750 0.315197
0.711250 0.500938
0.618750 0.120075
0.262500 0.427767
0.615000 0.247655
0.160000 0.305816
0.168750 0.150094
0.325000 0.600375
0.661250 0.566604
0.548750 0.414634
0.896250 0.003752
0.858750 0.247655
0.580000 0.384615
0.141250 0.086304
0.213750 0.303940
0.750000 0.529081
0.845000 0.136961
0.022500 0.459662
0.341250 0.131332
0.442500 0.069418
0.653750 0.572233
0.768750 0.015009
0.915000 0.146341
0.777500 0.255159
0.702500 0.151970
0.378750 0.097561
0.385000 0.028143
0.758750 0.153846
0.426250 0.619137
0.540000 0.125704
0.495000 0.395872
0.348750 0.634146
0.992500 0.112570
0.635000 0.555347
0.230000 0.234522
0.473750 0.645403
0.922500 0.144465
0.051250 0.287054
0.725000 0.382739
0.098750 0.159475
0.902500 0.166979
0.173750 0.165103
0.068750 0.579737
0.355000 0.037523
0.355000 0.572233
0.201250 0.196998
0.183750 0.435272
0.593750 0.617261
0.592500 0.103189
0.385000 0.360225
0.870000 0.247655
0.300000 0.031895
0.845000 0.031895
0.641250 0.589118
0.107500 0.542214
0.588750 0.510319
0.812500 0.185741
0.595000 0.326454
0.708750 0.005629
0.156250 0.382739
0.741250 0.230769
0.443750 0.298311
0.703750 0.187617
0.870000 0.097561
0.532500 0.692308
0.111250 0.022514
0.737500 0.502814
0.656250 0.651032
0.670000 0.393996
0.771250 0.741088
0.575000 0.583490
0.840000 0.069418
0.255000 0.326454
0.981250 0.129456
0.925000 0.242026
0.606250 0.086304
0.822500 0.093809
0.346250 0.011257
0.122500 0.103189
0.071250 0.707317
0.302500 0.579737
0.726250 0.606004
0.062500 0.142589
0.183750 0.617261
0.322500 0.116323
0.270000 0.320826
0.760000 0.347092
0.295000 0.356473
0.888750 0.026266
0.840000 0.005629
0.142500 0.048780
0.740000 0.422139
0.705000 0.311445
0.720000 0.360225
0.200000 0.183865
0.801250 0.801126
0.632500 0.202627
0.972500 0.135084
0.081250 0.061914
0.668750 0.791745
0.948750 0.660413
0.026250 0.343340
0.241250 0.354597
0.435000 0.003752
0.578750 0.245779
0.855000 0.585366
0.578750 0.106942
0.985000 0.146341
0.193750 0.386492
0.770000 0.547842
0.352500 0.148218
0.983750 0.303940
0.183750 0.242026
0.590000 0.356473
0.075000 0.232645
0.257500 0.369606
0.413750 0.037523
0.483750 0.217636
0.726250 0.324578
0.053750 0.480300
0.042500 0.230769
0.447500 0.088180
0.926250 0.602251
0.928750 0.159475
0.675000 0.403377
0.867500 0.300188
0.236250 0.075047
0.540000 0.015009
0.837500 0.639775
0.662500 0.821764
0.547500 0.636023
0.047500 0.031895
0.762500 0.018762
0.347500 0.643527
0.975000 0.208255
0.311250 0.157598
0.857500 0.150094
0.287500 0.245779
0.517500 0.787992
0.895000 0.315197
0.126250 0.615385
0.882500 0.084428
0.201250 0.273921
0.955000 0.412758
0.413750 0.371482
0.270000 0.003752
0.351250 0.106942
0.155000 0.472795
0.073750 0.161351
0.068750 0.320826
0.377500 0.793621
0.302500 0.000000
0.552500 0.082552
0.731250 0.292683
0.080000 0.356473
0.592500 0.221388
0.378750 0.579737
0.805000 0.574109
0.602500 0.634146
0.221250 0.073171
0.676250 0.590994
0.397500 0.322702
0.615000 0.360225
0.788750 0.112570
0.821250 0.609756
0.893750 0.170732
0.617500 0.105066
0.642500 0.106942
0.432500 0.684803
0.088750 0.125704
0.643750 0.484053
0.047500 0.318949
0.655000 0.058161
0.021250 0.191370
0.250000 0.242026
0.320000 0.148218
0.596250 0.015009
0.010000 0.210131
0.586250 0.088180
0.236250 0.656660
0.092500 0.227017
0.461250 0.131332
0.373750 0.590994
0.021250 0.328330
0.196250 0.112570
0.733750 0.031895
0.160000 0.705441
0.767500 0.003752
0.105000 0.487805
0.807500 0.001876
0.321250 0.525328
0.142500 0.330206
0.456250 0.303940
0.137500 0.069418
0.995000 0.345216
0.125000 0.484053
0.005000 0.515947
0.547500 0.290807
0.928750 0.667917
0.995000 0.146341
0.570000 0.097561
0.866250 0.054409
0.146250 0.155722
0.572500 0.480300
0.111250 0.583490
0.458750 0.675422
0.766250 0.103189
0.801250 0.131332
0.930000 0.363977
0.142500 0.375235
0.705000 0.174484
0.570000 0.136961
0.730000 0.114447
0.740000 0.101313
0.172500 0.407129
0.645000 0.031895
0.450000 0.326454
0.226250 0.322702
0.745000 0.459662
0.611250 0.418386
0.720000 0.056285
0.606250 0.198874
0.793750 0.018762
0.353750 0.172608
0.942500 0.352720
0.832500 0.031895
0.300000 0.095685
0.598750 0.288931
0.643750 0.360225
0.575000 0.416510
0.226250 0.275797
0.765000 0.146341
0.351250 0.337711
0.421250 0.251407
0.855000 0.288931
0.176250 0.519700
0.250000 0.287054
0.983750 0.262664
0.536250 0.478424
0.967500 0.302064
0.660000 0.532833
0.071250 0.255159
0.408750 0.577861
0.543750 0.431520
0.481250 0.084428
0.150000 0.315197
0.986250 0.228893
0.197500 0.052533
0.103750 0.617261
0.727500 0.003752
0.907500 0.075047
0.723750 0.455910
0.567500 0.150094
0.260000 0.013133
0.678750 0.255159
0.601250 0.686679
0.712500 0.819887
0.147500 0.061914
0.822500 0.249531
0.640000 0.127580
0.211250 0.393996
0.617500 0.148218
0.185000 0.570356
0.891250 0.300188
0.703750 0.454034
0.355000 0.679174
0.587500 0.795497
0.082500 0.240150
0.363750 0.273921
0.868750 0.120075
0.567500 0.508443
0.732500 0.075047
0.215000 0.607880
0.240000 0.472795
0.761250 0.484053
0.322500 0.082552
0.263750 0.050657
0.795000 0.037523
0.173750 0.675422
0.490000 0.279550
0.412500 0.000000
0.983750 0.009381
0.633750 0.105066
0.975000 0.373358
0.741250 0.660413
0.795000 0.140713
0.568750 0.166979
0.473750 0.816135
0.022500 0.009381
0.918750 0.078799
0.423750 0.001876
0.003750 0.352720
0.766250 0.339587
0.792500 0.223265
0.943750 0.260788
0.188750 0.688555
0.513750 0.347092
0.887500 0.073171
0.293750 0.176360
0.937500 0.022514
0.892500 0.091932
0.252500 0.138837
0.375000 0.144465
0.845000 0.249531
0.050000 0.564728
0.880000 0.007505
0.366250 0.679174
0.801250 0.341463
0.770000 0.067542
0.108750 0.508443
0.478750 0.532833
0.612500 0.009381
0.628750 0.257036
0.558750 0.112570
0.001250 0.716698
0.832500 0.656660
0.083750 0.170732
0.687500 0.033771
0.977500 0.457786
0.403750 0.067542
0.412500 0.084428
0.258750 0.459662
0.225000 0.022514
0.201250 0.022514
0.898750 0.054409
0.625000 0.395872
0.506250 0.086304
0.340000 0.542214
0.031250 0.026266
0.755000 0.103189
0.358750 0.622889
0.095000 0.384615
0.387500 0.063790
0.317500 0.260788
0.508750 0.354597
0.658750 0.168856
0.525000 0.005629
0.670000 0.769231
0.718750 0.204503
0.557500 0.699812
0.615000 0.467167
0.235000 0.493433
0.067500 0.121951
0.211250 0.414634
0.505000 0.547842
0.555000 0.540338
0.528750 0.602251
0.407500 0.328330
0.002500 0.228893
0.033750 0.275797
0.156250 0.808630
0.551250 0.283302
0.465000 0.425891
0.583750 0.352720
0.491250 0.414634
0.896250 0.255159
0.746250 0.621013
0.927500 0.116323
0.547500 0.519700
0.568750 0.225141
0.100000 0.529081
0.633750 0.834897
0.391250 0.159475
0.950000 0.181989
0.190000 0.502814
0.818750 0.799250
0.933750 0.101313
0.537500 0.088180
0.416250 0.384615
0.112500 0.649156
0.052500 0.170732
0.335000 0.013133
0.222500 0.341463
0.353750 0.279550
0.222500 0.061914
0.733750 0.257036
0.551250 0.208255
0.167500 0.317073
0.745000 0.020638
0.740000 0.016886
0.735000 0.343340
0.857500 0.313321
0.618750 0.176360
0.782500 0.654784
0.512500 0.801126
0.683750 0.172608
0.746250 0.005629
0.883750 0.136961
0.812500 0.279550
0.991250 0.283302
0.110000 0.339587
0.930000 0.052533
0.180000 0.118199
0.892500 0.045028
0.127500 0.455910
0.152500 0.305816
0.185000 0.285178
0.066250 0.176360
0.221250 0.015009
0.897500 0.075047
0.305000 0.168856
0.362500 0.061914
0.105000 0.146341
0.712500 0.645403
0.128750 0.033771
0.156250 0.108818
0.646250 0.416510
0.527500 0.347092
0.065000 0.352720
0.917500 0.227017
0.010000 0.292683
0.550000 0.112570
0.490000 0.506567
0.993750 0.598499
0.387500 0.230769
0.450000 0.208255
0.508750 0.326454
0.230000 0.393996
0.441250 0.354597
0.192500 0.144465
0.245000 0.412758
0.583750 0.300188
0.805000 0.227017
0.441250 0.362101
0.090000 0.592871
0.433750 0.309568
0.517500 0.474672
0.020000 0.714822
0.991250 0.136961
0.150000 0.544090
0.962500 0.348968
0.962500 0.024390
0.676250 0.105066
0.020000 0.228893
0.402500 0.221388
0.370000 0.103189
0.028750 0.296435
0.777500 0.030019
0.365000 0.343340
0.967500 0.020638
0.780000 0.129456
0.960000 0.172608
0.298750 0.200750
0.732500 0.018762
0.600000 0.534709
0.640000 0.058161
0.622500 0.484053
0.710000 0.300188
0.313750 0.630394
0.617500 0.617261
0.147500 0.076923
0.513750 0.270169
0.627500 0.007505
0.181250 0.454034
0.731250 0.005629
0.348750 0.069418
0.041250 0.112570
0.671250 0.086304
0.782500 0.311445
0.890000 0.118199
0.697500 0.001876
0.492500 0.681051
0.686250 0.114447
0.006250 0.022514
0.578750 0.694184
0.963750 0.322702
0.600000 0.380863
0.645000 0.465291
0.133750 0.082552
0.185000 0.363977
0.776250 0.020638
0.000000 0.243902
0.820000 0.022514
0.270000 0.069418
0.787500 0.358349
0.541250 0.097561
0.257500 0.303940
0.230000 0.358349
0.057500 0.230769
0.860000 0.185741
0.568750 0.260788
0.631250 0.043152
0.030000 0.281426
0.046250 0.484053
0.330000 0.262664
0.755000 0.024390
0.663750 0.309568
0.550000 0.260788
0.142500 0.365854
0.936250 0.523452
0.081250 0.671670
0.162500 0.626642
0.867500 0.076923
0.893750 0.347092
0.623750 0.200750
0.637500 0.168856
0.453750 0.155722
0.855000 0.095685
0.373750 0.641651
0.145000 0.031895
0.992500 0.776735
0.552500 0.052533
0.013750 0.365854
0.206250 0.363977
0.402500 0.795497
0.180000 0.133208
0.191250 0.422139
0.828750 0.048780
0.726250 0.223265
0.206250 0.076923
0.766250 0.048780
0.001250 0.046904
0.110000 0.705441
0.133750 0.300188
0.482500 0.363977
0.048750 0.667917
0.033750 0.542214
0.093750 0.703565
0.492500 0.255159
0.217500 0.540338
0.915000 0.397749
0.506250 0.180113
0.025000 0.403377
0.663750 0.204503
0.528750 0.195122
0.812500 0.450281
0.231250 0.080675
0.455000 0.562852
0.910000 0.525328
0.065000 0.078799
0.607500 0.112570
0.725000 0.752345
0.470000 0.009381
0.845000 0.333959
0.741250 0.594747
0.731250 0.515947
0.080000 0.399625
0.995000 0.101313
0.956250 0.292683
0.593750 0.140713
0.810000 0.168856
0.048750 0.622889
0.456250 0.746717
0.048750 0.253283
0.130000 0.242026
0.296250 0.500938
0.625000 0.606004
0.873750 0.621013
0.435000 0.527205
0.980000 0.288931
0.937500 0.172608
0.483750 0.202627
0.137500 0.510319
0.185000 0.305816
0.323750 0.031895
0.427500 0.459662
0.155000 0.510319
0.153750 0.213884
0.055000 0.701689
0.771250 0.808630
0.268750 0.195122
0.930000 0.332083
0.233750 0.202627
0.443750 0.016886
0.467500 0.478424
0.746250 0.031895
0.000000 0.112570
0.480000 0.467167
0.445000 0.624765
0.127500 0.596623
0.777500 0.309568
0.775000 0.529081
0.393750 0.592871
0.542500 0.547842
0.171250 0.307692
0.032500 0.425891
0.196250 0.667917
0.925000 0.073171
0.358750 0.637899
0.070000 0.335835
0.662500 0.243902
0.767500 0.030019
0.201250 0.253283
0.627500 0.502814
0.988750 0.318949
0.943750 0.056285
0.016250 0.136961
0.463750 0.011257
0.105000 0.052533
0.068750 0.309568
0.411250 0.101313
0.452500 0.587242
0.248750 0.560976
0.652500 0.247655
0.022500 0.114447
0.440000 0.386492
0.095000 0.003752
0.568750 0.350844
0.143750 0.172608
0.208750 0.315197
0.956250 0.266417
0.323750 0.553471
0.892500 0.138837
0.677500 0.335835
0.120000 0.461538
0.691250 0.609756
0.346250 0.215760
0.946250 0.120075
0.393750 0.844278
0.556250 0.594747
0.726250 0.437148
0.163750 0.228893
0.982500 0.110694
0.166250 0.470919
0.771250 0.208255
0.868750 0.382739
0.751250 0.335835
0.791250 0.611632
0.048750 0.088180
0.722500 0.180113
0.086250 0.446529
0.403750 0.255159
0.902500 0.123827
0.701250 0.324578
0.741250 0.123827
0.195000 0.437148
0.202500 0.003752
0.162500 0.078799
0.222500 0.090056
0.166250 0.555347
0.605000 0.009381
0.117500 0.362101
0.503750 0.005629
0.853750 0.607880
0.471250 0.450281
0.852500 0.551595
0.150000 0.257036
0.962500 0.106942
0.075000 0.001876
0.458750 0.803002
0.298750 0.600375
0.356250 0.808630
0.993750 0.395872
0.976250 0.380863
0.552500 0.328330
0.991250 0.260788
0.417500 0.347092
0.378750 0.127580
0.035000 0.502814
0.857500 0.656660
0.520000 0.412758
0.275000 0.127580
0.658750 0.750469
0.762500 0.030019
0.015000 0.532833
0.881250 0.287054
0.981250 0.071295
0.005000 0.165103
0.246250 0.606004
0.587500 0.257036
0.490000 0.151970
0.085000 0.302064
0.126250 0.138837
0.540000 0.581614
0.423750 0.277674
0.901250 0.332083
0.706250 0.609756
0.157500 0.133208
0.320000 0.677298
0.515000 0.003752
0.597500 0.099437
0.963750 0.045028
0.571250 0.555347
0.382500 0.564728
0.157500 0.679174
0.247500 0.386492
0.585000 0.101313
0.630000 0.694184
0.916250 0.343340
0.222500 0.587242
0.917500 0.296435
0.333750 0.058161
0.000000 0.138837
0.938750 0.639775
0.417500 0.129456
0.343750 0.318949
0.031250 0.519700
0.577500 0.637899
0.828750 0.157598
0.017500 0.461538
0.242500 0.090056
0.425000 0.159475
0.041250 0.816135
0.782500 0.480300
0.535000 0.538462
0.577500 0.189493
0.003750 0.273921
0.783750 0.007505
0.760000 0.589118
0.687500 0.628518
0.921250 0.116323
0.596250 0.502814
0.475000 0.258912
0.460000 0.515947
0.430000 0.065666
0.355000 0.003752
0.487500 0.172608
0.993750 0.328330
0.763750 0.170732
0.450000 0.067542
0.582500 0.416510
0.735000 0.452158
0.298750 0.495310
0.427500 0.519700
0.596250 0.148218
0.420000 0.219512
0.481250 0.831144
0.678750 0.270169
0.326250 0.003752
0.558750 0.574109
0.448750 0.478424
0.212500 0.272045
0.976250 0.326454
0.793750 0.073171
0.095000 0.262664
0.526250 0.317073
0.833750 0.307692
0.742500 0.054409
0.761250 0.127580
0.722500 0.778612
0.142500 0.243902
0.101250 0.574109
0.895000 0.307692
0.586250 0.440901
0.207500 0.559099
0.756250 0.030019
0.781250 0.041276
0.616250 0.393996
0.413750 0.641651
0.260000 0.307692
0.616250 0.266417
0.322500 0.281426
0.187500 0.401501
0.945000 0.617261
0.508750 0.223265
0.262500 0.694184
0.805000 0.776735
0.588750 0.125704
0.681250 0.015009
0.855000 0.052533
0.910000 0.315197
0.645000 0.071295
0.252500 0.195122
0.232500 0.033771
0.771250 0.609756
0.098750 0.037523
0.992500 0.448405
0.810000 0.681051
0.513750 0.512195
0.110000 0.202627
0.010000 0.380863
0.263750 0.403377
0.573750 0.116323
0.653750 0.392120
0.585000 0.172608
0.780000 0.639775
0.006250 0.287054
0.851250 0.622889
0.402500 0.180113
0.436250 0.227017
0.577500 0.523452
0.135000 0.028143
0.393750 0.118199
0.561250 0.388368
0.252500 0.437148
0.783750 0.028143
0.027500 0.262664
0.033750 0.442777
0.215000 0.009381
0.136250 0.634146
0.552500 0.555347
0.978750 0.272045
0.272500 0.510319
0.835000 0.440901
0.145000 0.452158
0.108750 0.444653
0.983750 0.200750
0.545000 0.649156
0.361250 0.037523
0.165000 0.363977
0.696250 0.052533
0.341250 0.120075
0.045000 0.409006
0.848750 0.339587
0.047500 0.343340
0.605000 0.517824
0.805000 0.013133
0.750000 0.677298
0.823750 0.041276
0.872500 0.287054
0.245000 0.536585
0.685000 0.358349
0.846250 0.086304
0.393750 0.009381
0.085000 0.108818
0.140000 0.213884
0.893750 0.294559
0.530000 0.097561
0.711250 0.667917
0.122500 0.061914
0.291250 0.559099
0.713750 0.005629
0.727500 0.662289
0.313750 0.341463
0.295000 0.540338
0.681250 0.440901
0.098750 0.367730
0.278750 0.204503
0.531250 0.180113
0.797500 0.590994
0.993750 0.544090
0.708750 0.390244
0.101250 0.225141
0.327500 0.016886
0.451250 0.187617
0.072500 0.195122
0.383750 0.213884
0.660000 0.116323
0.952500 0.245779
0.157500 0.060038
0.002500 0.187617
0.872500 0.176360
0.821250 0.155722
0.921250 0.592871
0.813750 0.133208
0.148750 0.592871
0.976250 0.303940
0.980000 0.399625
0.982500 0.212008
0.637500 0.247655
0.008750 0.080675
0.001250 0.615385
0.130000 0.071295
0.123750 0.013133
0.641250 0.637899
0.476250 0.121951
0.590000 0.153846
0.762500 0.255159
0.107500 0.851782
0.482500 0.502814
0.731250 0.547842
0.860000 0.636023
0.547500 0.165103
0.003750 0.407129
0.272500 0.609756
0.738750 0.478424
0.703750 0.217636
0.972500 0.112570
0.012500 0.446529
0.487500 0.444653
0.661250 0.052533
0.750000 0.206379
0.332500 0.570356
0.057500 0.450281
0.818750 0.542214
0.135000 0.007505
0.908750 0.088180
0.391250 0.097561
0.061250 0.437148
0.282500 0.076923
0.645000 0.204503
0.153750 0.046904
0.353750 0.371482
0.561250 0.487805
0.732500 0.388368
0.010000 0.005629
0.077500 0.636023
0.895000 0.585366
0.026250 0.084428
0.656250 0.283302
0.090000 0.060038
0.991250 0.219512
0.943750 0.041276
0.588750 0.628518
0.070000 0.525328
0.795000 0.161351
0.742500 0.348968
0.972500 0.808630
0.920000 0.619137
0.468750 0.099437
0.951250 0.335835
0.750000 0.005629
0.855000 0.367730
0.300000 0.013133
0.281250 0.103189
0.667500 0.157598
0.796250 0.557223
0.757500 0.001876
0.091250 0.365854
0.546250 0.078799
0.766250 0.360225
0.986250 0.459662
0.185000 0.227017
0.235000 0.303940
0.686250 0.564728
0.203750 0.585366
0.055000 0.067542
0.110000 0.600375
0.152500 0.412758
0.953750 0.386492
0.052500 0.208255
0.280000 0.003752
0.086250 0.502814
0.212500 0.088180
0.786250 0.178236
0.925000 0.043152
0.257500 0.272045
0.853750 0.272045
0.513750 0.303940
0.781250 0.345216
0.001250 0.555347
0.630000 0.624765
0.038750 0.362101
0.581250 0.590994
0.241250 0.191370
0.368750 0.078799
0.667500 0.262664
0.755000 0.125704
0.236250 0.056285
0.768750 0.300188
0.177500 0.000000
0.913750 0.129456
0.267500 0.091932
0.102500 0.380863
0.578750 0.542214
0.586250 0.185741
0.286250 0.028143
0.968750 0.052533
0.227500 0.054409
0.913750 0.332083
0.696250 0.236398
0.248750 0.514071
0.603750 0.557223
0.748750 0.189493
0.126250 0.206379
0.458750 0.600375
0.421250 0.185741
0.576250 0.784240
0.560000 0.410882
0.738750 0.065666
0.453750 0.245779
0.757500 0.812383
0.953750 0.016886
0.843750 0.281426
0.305000 0.527205
0.118750 0.039400
0.643750 0.086304
0.371250 0.523452
0.672500 0.639775
0.807500 0.410882
0.531250 0.279550
0.830000 0.140713
0.608750 0.181989
0.976250 0.787992
0.160000 0.210131
0.623750 0.643527
0.610000 0.281426
0.188750 0.467167
0.386250 0.125704
0.203750 0.287054
0.017500 0.352720
0.255000 0.108818
0.636250 0.474672
0.743750 0.005629
0.386250 0.536585
0.272500 0.467167
0.256250 0.491557
0.310000 0.253283
0.295000 0.686679
0.318750 0.054409
0.480000 0.131332
0.593750 0.437148
0.855000 0.076923
0.535000 0.255159
0.458750 0.345216
0.065000 0.551595
0.062500 0.058161
0.495000 0.433396
0.608750 0.243902
0.092500 0.285178
0.795000 0.200750
0.751250 0.545966
0.873750 0.510319
0.375000 0.332083
0.966250 0.333959
0.611250 0.065666
0.866250 0.679174
0.312500 0.564728
0.957500 0.082552
0.466250 0.210131
0.248750 0.035647
0.661250 0.080675
0.352500 0.099437
0.693750 0.129456
0.222500 0.249531
0.490000 0.090056
0.706250 0.030019
0.272500 0.150094
0.798750 0.260788
0.368750 0.129456
0.131250 0.523452
0.367500 0.369606
0.037500 0.060038
0.071250 0.388368
0.970000 0.444653
0.652500 0.163227
0.940000 0.230769
0.972500 0.033771
0.221250 0.161351
0.051250 0.594747
0.567500 0.630394
0.758750 0.410882
0.228750 0.559099
0.016250 0.637899
0.237500 0.686679
0.191250 0.170732
0.848750 0.069418
0.078750 0.213884
0.790000 0.026266
0.108750 0.067542
0.976250 0.354597
0.846250 0.215760
0.042500 0.187617
0.030000 0.159475
0.865000 0.009381
0.975000 0.086304
0.223750 0.606004
0.076250 0.598499
0.338750 0.626642
0.858750 0.041276
0.148750 0.607880
0.215000 0.459662
0.977500 0.013133
0.241250 0.262664
0.336250 0.686679
0.431250 0.330206
0.178750 0.399625
0.463750 0.058161
0.850000 0.782364
0.311250 0.067542
0.087500 0.821764
0.785000 0.150094
0.902500 0.294559
0.413750 0.009381
0.263750 0.208255
0.720000 0.073171
0.653750 0.131332
0.335000 0.328330
0.677500 0.538462
0.813750 0.031895
0.613750 0.114447
0.175000 0.380863
0.085000 0.337711
0.411250 0.667917
0.340000 0.307692
0.322500 0.129456
0.898750 0.386492
0.298750 0.076923
0.560000 0.365854
0.135000 0.542214
0.292500 0.198874
0.266250 0.268293
0.808750 0.636023
0.000000 0.091932
0.502500 0.592871
0.987500 0.367730
0.525000 0.138837
0.825000 0.125704
0.367500 0.024390
0.372500 0.288931
0.952500 0.369606
0.143750 0.699812
0.267500 0.801126
0.775000 0.093809
0.765000 0.191370
0.587500 0.015009
0.888750 0.015009
0.966250 0.067542
0.506250 0.448405
0.531250 0.048780
0.457500 0.003752
0.123750 0.125704
0.223750 0.510319
0.832500 0.187617
0.510000 0.150094
0.887500 0.508443
0.675000 0.568480
0.827500 0.527205
0.155000 0.448405
0.368750 0.039400
0.477500 0.045028
0.002500 0.804878
0.796250 0.538462
0.166250 0.095685
0.883750 0.628518
0.668750 0.116323
0.188750 0.075047
0.102500 0.416510
0.885000 0.157598
0.928750 0.303940
0.555000 0.022514
0.525000 0.557223
0.992500 0.384615
0.692500 0.435272
0.430000 0.108818
0.107500 0.011257
0.201250 0.636023
0.181250 0.005629
0.613750 0.345216
0.445000 0.416510
0.627500 0.467167
0.936250 0.789869
0.797500 0.317073
0.251250 0.656660
0.643750 0.559099
0.696250 0.020638
0.695000 0.030019
0.647500 0.392120
0.520000 0.656660
0.425000 0.105066
0.876250 0.594747
0.290000 0.146341
0.866250 0.320826
0.181250 0.200750
0.912500 0.056285
0.906250 0.654784
0.052500 0.127580
0.283750 0.632270
0.613750 0.088180
0.138750 0.386492
0.713750 0.013133
0.530000 0.442777
0.660000 0.412758
0.155000 0.393996
0.470000 0.382739
0.466250 0.234522
0.576250 0.142589
0.231250 0.005629
0.603750 0.067542
0.250000 0.026266
0.368750 0.172608
0.801250 0.161351
0.801250 0.619137
0.040000 0.041276
0.597500 0.120075
0.130000 0.347092
0.025000 0.587242
0.583750 0.480300
0.968750 0.257036
0.478750 0.575985
0.738750 0.148218
0.453750 0.463415
0.352500 0.133208
0.595000 0.075047
0.611250 0.482176
0.651250 0.041276
0.832500 0.615385
0.830000 0.673546
0.095000 0.022514
0.396250 0.043152
0.746250 0.409006
0.852500 0.118199
0.993750 0.026266
0.627500 0.401501
0.012500 0.356473
0.533750 0.298311
0.645000 0.517824
0.838750 0.793621
0.930000 0.005629
0.195000 0.255159
0.335000 0.129456
0.603750 0.763602
0.637500 0.360225
0.681250 0.660413
0.817500 0.230769
0.136250 0.050657
0.042500 0.530957
0.335000 0.159475
0.108750 0.393996
0.816250 0.206379
0.208750 0.228893
0.273750 0.495310
0.668750 0.172608
0.235000 0.290807
0.776250 0.388368
0.788750 0.279550
0.400000 0.651032
0.111250 0.628518
0.886250 0.320826
0.678750 0.159475
0.357500 0.553471
0.972500 0.529081
0.700000 0.515947
0.320000 0.664165
0.822500 0.332083
0.477500 0.596623
0.272500 0.572233
0.241250 0.455910
0.343750 0.517824
0.063750 0.487805
0.980000 0.054409
0.448750 0.101313
0.711250 0.407129
0.607500 0.821764
0.323750 0.050657
