0.513000 0.556222
0.876000 0.496252
0.558000 0.497751
0.072000 0.491754
0.555000 0.554723
0.637000 0.494753
0.410000 0.509745
0.082000 0.508246
0.919000 0.484258
0.428000 0.535232
0.312000 0.494753
0.490000 0.298351
0.046000 0.469265
0.178000 0.544228
0.346000 0.500750
0.740000 0.581709
0.164000 0.452774
0.703000 0.518741
0.850000 0.499250
0.021000 0.475262
0.962000 0.496252
0.931000 0.476762
0.051000 0.515742
0.277000 0.469265
0.108000 0.509745
0.190000 0.493253
0.066000 0.445277
0.941000 0.473763
0.099000 0.457271
0.178000 0.509745
0.946000 0.500750
0.908000 0.478261
0.798000 0.511244
0.018000 0.488756
0.047000 0.545727
0.854000 0.404798
0.211000 0.493253
0.333000 0.557721
0.509000 0.488756
0.370000 0.608696
0.882000 0.463268
0.085000 0.464768
0.128000 0.503748
0.749000 0.524738
0.203000 0.451274
0.262000 0.566717
0.382000 0.503748
0.827000 0.482759
0.168000 0.494753
0.027000 0.451274
0.035000 0.499250
0.050000 0.491754
0.542000 0.470765
