0.824707 0.938368
0.701172 0.904514
0.808594 0.908854
0.253418 0.915799
0.427246 0.957465
0.358398 0.916667
0.233887 0.947917
0.694336 0.970486
0.416016 0.922743
0.893066 0.939236
0.783691 0.881944
0.575195 0.960069
0.167969 0.931424
0.428223 0.927951
0.059082 0.929688
0.646484 0.917535
0.742188 0.950521
0.311035 0.935764
0.429199 0.895833
0.730957 0.990451
0.128906 0.957465
0.675781 0.888889
0.554199 0.926215
0.573242 0.879340
0.449707 0.954861
0.089844 0.972222
0.336426 0.915799
0.852051 0.883681
