0.639444 0.282500
0.465000 0.090833
0.562222 0.060833
0.918333 0.290833
0.457222 0.398333
0.504444 0.105000
0.567222 0.087500
0.138333 0.127500
0.140000 0.624167
0.163333 0.518333
0.681111 0.290000
0.570556 0.077500
0.567222 0.112500
0.468889 0.084167
0.652778 0.081667
0.493889 0.068333
0.502222 0.068333
0.914444 0.038333
0.816111 0.000833
0.469444 0.143333
0.536667 0.129167
0.442778 0.066667
0.282222 0.074167
0.891111 0.041667
0.685556 0.161667
0.652222 0.049167
0.198333 0.119167
0.972778 0.083333
0.462778 0.028333
0.212778 0.210000
0.512778 0.035000
0.531667 0.089167
0.552222 0.100000
0.666111 0.081667
0.745000 0.020000
0.616111 0.061667
0.225556 0.123333
0.552778 0.081667
0.070000 0.456667
0.405556 0.088333
0.923889 0.038333
0.720000 0.025000
0.577778 0.105833
0.653889 0.095000
0.002222 0.241667
0.571667 0.033333
0.687778 0.246667
0.681667 0.030000
0.593889 0.112500
0.671111 0.086667
0.521111 0.280833
0.515556 0.035000
0.843333 0.343333
0.590556 0.075833
0.116667 0.163333
0.520000 0.079167
0.593333 0.077500
0.730556 0.020833
0.565000 0.060833
0.433333 0.147500
0.677778 0.056667
0.490556 0.382500
0.515556 0.082500
0.649444 0.423333
0.558889 0.118333
0.427778 0.247500
0.714444 0.624167
0.466111 0.147500
0.802778 0.002500
0.283889 0.110833
0.238889 0.121667
0.665556 0.043333
0.482778 0.028333
0.400556 0.058333
0.528889 0.132500
0.691111 0.160833
0.575556 0.070833
0.497778 0.031667
0.433889 0.067500
0.257222 0.417500
0.976111 0.293333
0.528333 0.078333
0.482778 0.140833
0.576667 0.045833
0.038889 0.444167
0.566111 0.043333
0.530000 0.405833
0.581667 0.100000
0.586667 0.069167
0.457778 0.095833
0.825000 0.002500
0.679444 0.079167
0.991111 0.565000
0.446667 0.066667
0.475556 0.285833
0.672222 0.035000
0.675556 0.035000
0.556667 0.192500
0.882222 0.045833
0.505556 0.071667
0.523889 0.068333
0.576111 0.065833
0.649444 0.070833
0.790000 0.014167
0.355556 0.080000
0.453333 0.069167
0.431667 0.361667
0.548333 0.043333
0.528889 0.105000
0.271667 0.078333
0.546111 0.332500
0.445556 0.109167
0.520556 0.068333
0.548333 0.062500
0.443889 0.096667
0.376111 0.064167
0.673889 0.086667
0.186111 0.564167
0.545556 0.036667
0.527222 0.035000
0.213889 0.128333
0.785556 0.300833
0.477778 0.723333
0.667222 0.070833
0.556111 0.037500
0.607778 0.048333
0.546667 0.122500
0.437778 0.066667
0.508889 0.085000
0.180000 0.209167
0.675000 0.161667
0.550000 0.036667
0.615556 0.515000
0.356667 0.245000
0.487778 0.102500
0.660000 0.080833
0.698889 0.282500
0.535556 0.105833
0.385556 0.058333
0.493889 0.030833
0.379444 0.099167
0.546111 0.075833
0.132778 0.168333
0.492222 0.139167
0.512778 0.312500
0.517222 0.133333
0.755000 0.244167
0.105556 0.935000
0.547778 0.106667
0.533889 0.064167
0.331667 0.040000
0.426667 0.067500
0.942778 0.017500
0.507222 0.136667
0.445556 0.147500
0.535556 0.084167
0.721667 0.276667
0.524444 0.105000
0.568333 0.076667
0.190556 0.124167
0.922222 0.020833
0.393889 0.099167
0.478333 0.087500
0.566111 0.195000
0.903889 0.040833
0.635556 0.094167
0.121111 0.230000
0.001111 0.703333
0.687778 0.071667
0.561111 0.095000
0.298333 0.110833
0.698889 0.337500
0.035556 0.250000
0.575000 0.280000
0.430556 0.095000
0.583333 0.421667
0.313889 0.046667
0.635000 0.060000
0.507222 0.035000
0.502778 0.090833
0.864444 0.906667
0.772778 0.235000
0.956111 0.180833
0.396111 0.139167
0.489444 0.086667
0.621667 0.074167
