0.498127 0.427686
0.342072 0.148760
0.695381 0.460744
0.375780 0.188017
0.685393 0.322314
0.506866 0.198347
0.367041 0.169421
0.094881 0.524793
0.568040 0.307851
0.747815 0.390496
0.716604 0.357438
0.144819 0.407025
0.493134 0.183884
0.887640 0.462810
0.397004 0.446281
0.207241 0.704545
0.278402 0.493802
0.754057 0.454545
0.515605 0.452479
0.551810 0.278926
0.278402 0.214876
0.631710 0.280992
0.323346 0.152893
0.414482 0.425620
0.182272 0.545455
0.657928 0.260331
0.805243 0.332645
0.531835 0.549587
0.692884 0.301653
0.460674 0.518595
0.423221 0.223140
0.629213 0.518595
0.421973 0.256198
0.612984 0.229339
0.149813 0.446281
0.531835 0.398760
0.624220 0.378099
0.476904 0.407025
0.268414 0.219008
0.563046 0.545455
0.475655 0.489669
0.489388 0.307851
0.124844 0.561983
0.318352 0.438017
0.313358 0.157025
0.861423 0.320248
0.797753 0.429752
0.591760 0.216942
0.103620 0.977273
0.093633 0.332645
0.258427 0.225207
0.848939 0.632231
0.760300 0.283058
0.735331 0.376033
0.782772 0.311983
0.650437 0.365702
0.453184 0.287190
0.841448 0.299587
0.583021 0.497934
0.578027 0.285124
0.384519 0.623967
0.647940 0.278926
0.659176 0.336777
0.765293 0.423554
0.172285 0.330579
0.526841 0.278926
0.484395 0.200413
0.309613 0.394628
0.505618 0.233471
0.187266 0.328512
0.259675 0.588843
0.203496 0.314050
0.739076 0.419421
0.606742 0.223140
0.352060 0.564050
0.730337 0.250000
0.800250 0.483471
0.855181 0.386364
0.646692 0.334711
0.332085 0.148760
0.551810 0.384298
0.471910 0.225207
0.504370 0.185950
0.595506 0.285124
0.308365 0.663223
0.580524 0.458678
0.399501 0.382231
0.626717 0.188017
0.373283 0.212810
0.601748 0.328512
0.535581 0.204545
0.423221 0.462810
0.553059 0.448347
0.439451 0.524793
0.066167 0.349174
0.374532 0.256198
0.890137 0.384298
0.443196 0.262397
0.345818 0.636364
0.323346 0.349174
0.418227 0.212810
0.510612 0.518595
0.621723 0.330579
0.463171 0.247934
0.153558 0.611570
0.488140 0.324380
0.675406 0.409091
0.781523 0.384298
0.536829 0.303719
0.988764 0.469008
0.610487 0.250000
0.405743 0.214876
0.314607 0.258264
0.486891 0.225207
0.848939 0.347107
0.555556 0.237603
0.348315 0.278926
0.364544 0.497934
0.476904 0.241736
0.308365 0.485537
0.365793 0.440083
0.393258 0.836777
0.253433 0.671488
0.721598 0.456612
0.359551 0.241736
0.670412 0.390496
0.441948 0.221074
0.393258 0.250000
0.575531 0.520661
0.239700 0.237603
0.636704 0.252066
0.534332 0.221074
0.551810 0.293388
0.776529 0.283058
0.500624 0.274793
0.548065 0.219008
0.479401 0.570248
0.436954 0.378099
0.543071 0.510331
0.549313 0.361570
0.173533 0.675620
0.494382 0.539256
0.254682 0.229339
0.263421 0.435950
0.415730 0.165289
0.990012 0.411157
0.772784 0.365702
0.520599 0.192149
0.309613 0.572314
0.434457 0.206612
0.101124 0.332645
0.570537 0.390496
0.516854 0.206612
0.652934 0.402893
0.350811 0.241736
0.359551 0.326446
0.600499 0.221074
0.719101 0.510331
0.750312 0.270661
0.324594 0.237603
0.689139 0.524793
0.272160 0.386364
0.711610 0.270661
0.890137 0.415289
0.520599 0.233471
0.630462 0.448347
0.828964 0.495868
0.754057 0.489669
0.464419 0.266529
0.455680 0.233471
0.514357 0.299587
0.474407 0.163223
0.620474 0.423554
0.660424 0.493802
0.724095 0.419421
0.074906 0.340909
0.227216 0.506198
0.244694 0.299587
0.675406 0.285124
0.511860 0.311983
0.526841 0.334711
0.580524 0.270661
0.681648 0.245868
0.825218 0.361570
0.426966 0.299587
0.448190 0.316116
0.394507 0.212810
0.702871 0.421488
0.408240 0.483471
0.325843 0.318182
0.916355 0.460744
0.665418 0.190083
0.342072 0.526860
0.283396 0.237603
0.564295 0.210744
0.649189 0.423554
0.217228 0.307851
0.593009 0.373967
0.383271 0.384298
0.304619 0.233471
0.576779 0.340909
0.383271 0.336777
0.629213 0.359504
0.401998 0.539256
0.113608 0.305785
0.697878 0.386364
0.082397 0.795455
0.664170 0.466942
0.662921 0.530992
0.553059 0.427686
0.238452 0.584711
0.425718 0.154959
0.957553 0.479339
0.299625 0.314050
0.298377 0.270661
0.441948 0.580579
0.218477 0.278926
0.832709 0.415289
0.229713 0.407025
0.586767 0.214876
0.379526 0.431818
0.692884 0.171488
0.877653 0.361570
0.129838 0.739669
0.593009 0.425620
0.250936 0.212810
0.605493 0.487603
0.506866 0.483471
0.348315 0.398760
