0.927500 0.229572
0.700833 0.710765
0.112500 0.228275
0.424167 0.265888
0.456667 0.735409
0.251667 0.964981
0.488333 0.455253
0.598333 0.455253
0.807500 0.571984
0.175833 0.155642
0.583333 0.854734
0.735833 0.278859
0.165833 0.586252
0.375000 0.481193
0.703333 0.566796
0.592500 0.625162
0.264167 0.212711
0.685833 0.568093
0.736667 0.335927
0.255000 0.747082
0.106667 0.312581
0.173333 0.889754
0.738333 0.872892
0.613333 0.872892
0.637500 0.791180
0.575833 0.738003
0.700833 0.345006
0.150833 0.329442
0.152500 0.284047
0.870833 0.692607
0.593333 0.570687
0.240000 0.640726
0.795833 0.853437
0.470833 0.695201
0.542500 0.788586
0.533333 0.905318
0.369167 0.377432
0.790833 0.443580
0.834167 0.906615
0.826667 0.230869
0.740833 0.990921
0.575000 0.539559
0.973333 0.220493
0.469167 0.604410
0.020833 0.229572
0.931667 0.517510
0.197500 0.332036
0.827500 0.566796
0.755000 0.465629
0.716667 0.302205
0.205000 0.534371
0.636667 0.284047
0.087500 0.605707
0.138333 0.202335
0.629167 0.852140
0.284167 0.600519
0.589167 0.795071
0.110833 0.639429
0.554167 0.346304
0.637500 0.828794
0.966667 0.232166
0.024167 0.945525
0.904167 0.220493
0.188333 0.859922
0.969167 0.604410
0.199167 0.874189
0.003333 0.709468
0.094167 0.507134
0.094167 0.955901
0.079167 0.294423
0.490833 0.494163
0.381667 0.237354
0.039167 0.407263
0.711667 0.469520
0.857500 0.601816
0.664167 0.626459
0.301667 0.892348
0.220833 0.661479
0.985833 0.774319
0.915000 0.195850
0.636667 0.891051
0.025833 0.819715
0.735000 0.428016
0.127500 0.315175
0.634167 0.390402
0.583333 0.810636
0.688333 0.280156
0.010000 0.297017
0.478333 0.845655
0.015833 0.964981
0.445833 0.297017
0.021667 0.276265
0.506667 0.879377
0.289167 0.661479
0.665000 0.608301
0.218333 0.385214
0.950833 0.688716
0.656667 0.789883
0.299167 0.718547
0.740833 0.234760
0.677500 0.447471
0.080000 0.804150
0.119167 0.504540
0.656667 0.232166
0.792500 0.819715
0.792500 0.715953
0.420000 0.300908
0.920833 0.690013
0.867500 0.754864
0.768333 0.881971
0.207500 0.980545
0.249167 0.911803
0.786667 0.961089
0.133333 0.355383
0.435833 0.202335
0.846667 0.481193
0.819167 0.476005
0.514167 0.413748
0.382500 0.536965
0.764167 0.808042
0.718333 0.714656
0.705000 0.856031
0.048333 0.233463
0.608333 0.619974
0.050000 0.902724
0.266667 0.469520
0.183333 0.461738
0.635833 0.553826
0.185000 0.173800
0.074167 0.422827
0.091667 0.294423
0.790000 0.736706
0.258333 0.931258
0.145833 0.228275
0.946667 0.216602
0.648333 0.476005
0.121667 0.871595
0.804167 0.230869
0.529167 0.695201
0.664167 0.734112
0.615833 0.294423
0.821667 0.793774
0.689167 0.398184
0.739167 0.315175
0.126667 0.904021
0.205833 0.357977
0.479167 0.311284
0.937500 0.562905
0.944167 0.619974
0.828333 0.197147
0.291667 0.647211
0.598333 0.501946
0.154167 0.438392
0.531667 0.853437
0.279167 0.906615
0.533333 0.714656
0.507500 0.311284
0.570833 0.613489
0.756667 0.530480
0.610000 0.549935
0.971667 0.640726
0.332500 0.587549
0.438333 0.145266
0.016667 0.775616
0.613333 0.735409
0.935833 0.207523
0.250833 0.846952
0.167500 0.319066
0.725000 0.932555
0.782500 0.247730
0.770000 0.673152
0.446667 0.771725
0.737500 0.634241
0.096667 0.608301
0.822500 0.215305
0.451667 0.459144
0.617500 0.429313
0.861667 0.675746
0.906667 0.242542
0.319167 0.488975
0.060833 0.256809
0.759167 0.787289
0.587500 0.212711
0.995833 0.582361
0.473333 0.861219
0.157500 0.282750
0.609167 0.793774
0.547500 0.542153
0.506667 0.517510
0.759167 0.621271
0.115833 0.783398
0.793333 0.933852
0.883333 0.389105
0.473333 0.452659
0.097500 0.470817
0.850000 0.189364
0.015000 0.437095
0.386667 0.562905
0.232500 0.569390
0.300000 0.488975
0.585833 0.836576
0.789167 0.756161
0.529167 0.879377
0.396667 0.795071
0.714167 0.677043
0.581667 0.893645
0.156667 0.299611
0.425000 0.945525
0.410000 0.433204
0.655000 0.852140
0.445000 0.457847
0.003333 0.774319
0.146667 0.548638
0.983333 0.569390
0.722500 0.250324
0.763333 0.587549
0.985833 0.749676
0.627500 0.932555
0.636667 0.645914
0.585833 0.518807
0.490000 0.536965
0.057500 0.216602
0.560000 0.638132
0.375000 0.723735
0.063333 0.625162
0.010000 0.674449
0.575833 0.699092
0.052500 0.186770
0.981667 0.874189
0.390000 0.712062
0.870833 0.789883
0.252500 0.621271
0.106667 0.988327
0.335833 0.920882
0.099167 0.924773
0.694167 0.466926
0.010000 0.636835
0.416667 0.749676
0.370000 0.605707
0.189167 0.352789
0.040833 0.586252
0.795833 0.678340
0.699167 0.232166
0.700833 0.915694
0.611667 0.518807
0.735000 0.651102
0.555000 0.552529
0.386667 0.773022
0.307500 0.603113
0.240000 0.451362
0.094167 0.682231
0.074167 0.652399
0.041667 0.261997
0.775000 0.664073
0.455833 0.848249
0.665000 0.312581
0.678333 0.815824
0.495000 0.706874
0.051667 0.505837
0.685833 0.788586
0.439167 0.469520
0.839167 0.678340
0.925833 0.415045
0.155000 0.516213
0.984167 0.232166
0.862500 0.774319
0.275000 0.178988
0.223333 0.945525
0.343333 0.632944
0.320833 0.625162
0.212500 0.481193
0.197500 0.237354
0.710833 0.608301
0.817500 0.640726
0.045000 0.564202
0.694167 0.287938
0.619167 0.202335
0.180833 0.914397
0.436667 0.438392
0.867500 0.892348
0.258333 0.560311
0.482500 0.162127
0.111667 0.836576
0.944167 0.970169
0.655000 0.591440
0.009167 0.476005
0.580000 0.424125
0.475000 0.178988
0.567500 0.904021
0.660000 0.814527
0.125833 0.284047
0.781667 0.221790
0.077500 0.167315
0.980833 0.852140
0.628333 0.916991
0.100833 0.627756
0.152500 0.837873
0.310000 0.771725
0.736667 0.291829
0.430000 0.773022
0.530833 0.557717
0.539167 0.660182
0.732500 0.503243
0.099167 0.865110
0.138333 0.529183
0.846667 0.590143
0.051667 0.478599
0.273333 0.534371
0.060000 0.564202
0.963333 0.734112
0.549167 0.867704
0.942500 0.596628
0.410833 0.680934
0.094167 0.182879
0.627500 0.904021
0.396667 0.824903
0.609167 0.701686
0.666667 0.680934
0.290000 0.941634
0.448333 0.488975
0.662500 0.880674
0.820000 0.854734
0.059167 0.405966
0.847500 0.791180
0.219167 0.234760
0.750833 0.962387
0.673333 0.473411
0.061667 0.581064
0.662500 0.387808
0.958333 0.709468
0.421667 0.425422
0.643333 0.211414
0.315000 0.243839
0.716667 0.320363
0.852500 0.929961
0.505833 0.814527
0.103333 0.274968
0.567500 0.870298
0.144167 0.284047
0.972500 0.306096
0.550000 0.418936
0.685833 0.503243
0.727500 0.547341
0.976667 0.544747
0.089167 0.584955
0.973333 0.530480
0.006667 0.426719
0.450833 0.968872
0.660833 0.984436
0.698333 0.363165
0.626667 0.332036
0.681667 0.627756
0.742500 0.678340
0.680833 0.297017
0.771667 0.446174
0.664167 0.505837
0.186667 0.478599
0.841667 0.455253
0.153333 0.356680
0.649167 0.894942
0.123333 0.422827
0.317500 0.565499
0.544167 0.920882
0.600000 0.872892
0.251667 0.656291
0.219167 0.443580
0.839167 0.756161
0.650833 0.654994
0.533333 0.756161
0.751667 0.552529
0.030833 0.658885
0.100000 0.823606
0.345833 0.446174
0.480000 0.473411
0.176667 0.542153
0.030000 0.311284
0.075000 0.858625
0.547500 0.702983
0.384167 0.631647
0.644167 0.247730
0.554167 0.290532
0.625000 0.447471
0.041667 0.826200
0.811667 0.981842
0.649167 0.538262
0.441667 0.168612
0.710000 0.501946
0.418333 0.149157
0.022500 0.459144
0.321667 0.931258
0.088333 0.254215
0.370833 0.591440
0.887500 0.888457
0.690000 0.607004
0.141667 0.677043
0.264167 0.900130
0.665833 0.238651
0.529167 0.521401
0.555833 0.989624
0.208333 0.638132
0.294167 0.465629
0.680833 0.478599
0.087500 0.319066
0.697500 0.317769
0.806667 0.654994
0.643333 0.739300
0.505000 0.500649
0.995000 0.657588
0.465833 0.451362
0.131667 0.509728
0.470000 0.652399
0.315833 0.587549
0.728333 0.586252
0.084167 0.343709
0.757500 0.765240
0.801667 0.869001
0.074167 0.197147
0.695000 0.750973
0.762500 0.481193
0.547500 0.308690
0.222500 0.542153
0.700833 0.272374
0.405833 0.212711
0.586667 0.735409
0.401667 0.254215
0.580000 0.774319
0.307500 0.220493
0.812500 0.757458
0.727500 0.811933
0.836667 0.949416
0.030833 0.714656
0.033333 0.169909
0.487500 0.657588
0.775833 0.271077
0.212500 0.514916
0.994167 0.439689
0.554167 0.258106
0.218333 0.429313
0.136667 0.264591
0.581667 0.590143
0.781667 0.548638
0.165000 0.289235
0.003333 0.468223
0.167500 0.636835
0.157500 0.562905
0.165000 0.533074
0.175000 0.448768
0.549167 0.245136
0.845833 0.652399
0.231667 0.660182
0.087500 0.660182
0.455000 0.448768
0.495000 0.745785
0.856667 0.835279
0.026667 0.581064
0.160000 0.198444
0.268333 0.391699
0.967500 0.247730
0.726667 0.518807
0.296667 0.530480
0.007500 0.547341
0.060000 0.789883
0.816667 0.440986
0.042500 0.277562
0.511667 0.771725
0.078333 0.915694
0.235000 0.841764
0.058333 0.278859
0.307500 0.512322
0.511667 0.261997
0.026667 0.259403
0.602500 0.891051
0.340000 0.220493
0.285833 0.428016
0.290833 0.522698
0.505833 0.660182
0.609167 0.268482
0.673333 0.911803
0.455833 0.761349
0.467500 0.415045
0.450000 0.421530
0.950833 0.669261
0.121667 0.409857
0.381667 0.198444
0.117500 0.237354
0.700000 0.329442
0.478333 0.438392
0.682500 0.863813
0.250833 0.378729
0.679167 0.926070
0.120833 0.654994
0.933333 0.191958
0.924167 0.463035
0.046667 0.958495
0.431667 0.706874
0.695833 0.928664
0.118333 0.460441
0.633333 0.264591
0.512500 0.289235
0.505000 0.726329
0.983333 0.713359
0.831667 0.619974
0.595833 0.211414
0.461667 0.818418
0.030000 0.269780
0.953333 0.972763
0.675833 0.232166
0.228333 0.297017
0.543333 0.573281
0.491667 0.793774
0.035833 0.444877
0.673333 0.346304
0.431667 0.831388
0.179167 0.732815
0.483333 0.242542
0.287500 0.865110
0.735000 0.478599
0.606667 0.392996
0.649167 0.919585
0.951667 0.517510
0.078333 0.264591
0.625833 0.470817
0.505833 0.968872
0.922500 0.669261
0.699167 0.954604
0.380833 0.971466
0.825833 0.870298
0.750000 0.910506
0.154167 0.491569
0.620000 0.245136
0.984167 0.552529
0.638333 0.230869
0.733333 0.754864
0.331667 0.739300
0.110833 0.896239
0.127500 0.682231
0.509167 0.837873
0.675833 0.263294
0.281667 0.553826
0.720000 0.955901
0.724167 0.893645
0.462500 0.779507
0.713333 0.535668
0.075833 0.466926
0.851667 0.984436
0.480000 0.683528
0.763333 0.658885
0.948333 0.476005
0.425000 0.560311
0.811667 0.619974
0.459167 0.505837
0.987500 0.904021
0.722500 0.232166
0.095833 0.337224
0.554167 0.658885
0.224167 0.469520
0.692500 0.990921
0.462500 0.167315
0.511667 0.346304
0.346667 0.485084
0.165833 0.798962
0.956667 0.551232
0.781667 0.692607
0.050833 0.334630
0.993333 0.970169
0.877500 0.688716
0.813333 0.927367
0.341667 0.373541
0.945000 0.332036
0.851667 0.557717
0.272500 0.700389
0.195833 0.511025
0.058333 0.425422
0.695833 0.779507
0.585000 0.553826
0.423333 0.972763
0.426667 0.595331
0.769167 0.732815
0.059167 0.926070
0.333333 0.469520
0.899167 0.985733
0.150833 0.718547
0.260833 0.603113
0.127500 0.145266
0.862500 0.878080
0.607500 0.754864
0.066667 0.813230
0.730000 0.562905
0.099167 0.418936
0.162500 0.228275
0.923333 0.245136
0.826667 0.517510
0.651667 0.363165
0.799167 0.476005
0.005000 0.250324
0.450000 0.177691
0.138333 0.411154
0.261667 0.963684
0.022500 0.600519
0.438333 0.243839
0.201667 0.390402
0.466667 0.719844
0.098333 0.164721
0.626667 0.360571
0.835000 0.661479
0.305833 0.937743
0.131667 0.635538
0.761667 0.929961
0.475833 0.202335
0.971667 0.468223
0.600833 0.463035
0.595000 0.688716
0.186667 0.529183
0.407500 0.977951
0.783333 0.989624
0.656667 0.277562
0.065000 0.346304
0.596667 0.658885
0.216667 0.843061
0.580833 0.618677
0.629167 0.592737
0.828333 0.836576
0.770833 0.910506
0.166667 0.443580
0.596667 0.271077
0.916667 0.214008
0.449167 0.693904
0.256667 0.715953
0.402500 0.654994
0.069167 0.308690
0.855000 0.516213
0.080000 0.989624
0.252500 0.477302
0.417500 0.571984
0.335000 0.549935
0.117500 0.702983
0.275833 0.207523
0.038333 0.874189
0.682500 0.217899
0.154167 0.212711
0.563333 0.490272
0.564167 0.365759
0.223333 0.966278
0.665833 0.215305
0.662500 0.202335
0.935000 0.547341
0.276667 0.450065
0.540000 0.254215
0.463333 0.488975
0.523333 0.735409
0.129167 0.954604
0.435000 0.741894
0.136667 0.284047
0.706667 0.833982
0.738333 0.785992
0.337500 0.180285
0.606667 0.607004
0.979167 0.831388
0.394167 0.175097
0.645000 0.700389
0.455833 0.896239
0.423333 0.714656
0.038333 0.771725
0.454167 0.138781
0.433333 0.654994
0.855833 0.570687
0.331667 0.437095
0.230000 0.906615
0.285833 0.225681
0.595000 0.298314
0.919167 0.623865
0.845000 0.714656
0.880833 0.853437
0.681667 0.520104
0.704167 0.810636
0.175000 0.861219
0.725833 0.221790
0.532500 0.290532
0.119167 0.333333
0.725000 0.450065
0.492500 0.197147
0.772500 0.424125
0.646667 0.937743
0.969167 0.517510
0.050000 0.648508
0.215833 0.214008
0.710833 0.788586
0.057500 0.246433
0.014167 0.827497
0.566667 0.208820
0.185833 0.431907
0.307500 0.635538
0.016667 0.181582
0.750000 0.529183
0.293333 0.928664
0.744167 0.206226
0.700833 0.210117
0.148333 0.465629
0.285833 0.776913
0.622500 0.513619
0.197500 0.916991
0.378333 0.796368
0.160000 0.674449
0.201667 0.206226
0.005000 0.525292
0.085833 0.533074
0.995000 0.600519
0.714167 0.919585
0.964167 0.783398
0.176667 0.657588
0.095833 0.644617
0.305833 0.195850
0.645833 0.437095
0.719167 0.424125
0.210833 0.916991
0.016667 0.879377
0.281667 0.719844
0.076667 0.682231
0.311667 0.929961
0.102500 0.853437
0.375833 0.757458
0.084167 0.626459
0.353333 0.224384
0.859167 0.913100
0.727500 0.699092
0.326667 0.793774
0.140000 0.334630
0.756667 0.693904
0.462500 0.466926
0.801667 0.553826
0.673333 0.697795
0.125000 0.435798
0.968333 0.767834
0.045833 0.848249
0.451667 0.595331
0.061667 0.233463
0.667500 0.536965
0.870833 0.667964
0.096667 0.229572
0.474167 0.294423
0.947500 0.425422
0.000833 0.802853
0.774167 0.553826
0.109167 0.184176
0.105000 0.495460
0.690833 0.536965
0.313333 0.894942
0.587500 0.913100
0.299167 0.216602
0.176667 0.700389
0.100833 0.536965
0.996667 0.618677
0.131667 0.220493
0.117500 0.256809
0.551667 0.722438
0.175000 0.299611
0.200000 0.702983
0.852500 0.226978
0.025833 0.303502
0.115000 0.149157
0.199167 0.422827
0.669167 0.438392
0.544167 0.980545
0.432500 0.182879
0.787500 0.482490
0.859167 0.619974
0.781667 0.626459
0.712500 0.486381
0.147500 0.866407
0.315000 0.660182
0.395000 0.684825
0.050000 0.608301
0.001667 0.280156
0.091667 0.272374
0.077500 0.509728
0.648333 0.508431
0.150000 0.702983
0.560833 0.465629
0.987500 0.734112
0.412500 0.798962
0.045000 0.216602
0.080000 0.447471
0.616667 0.535668
0.895000 0.913100
0.455833 0.679637
0.160000 0.409857
0.613333 0.835279
0.089167 0.788586
0.145000 0.307393
0.288333 0.486381
0.486667 0.721141
0.066667 0.483787
0.250833 0.700389
0.410833 0.533074
0.068333 0.186770
0.589167 0.246433
0.842500 0.219196
0.100833 0.783398
0.978333 0.680934
0.994167 0.784695
0.545833 0.324254
0.565833 0.564202
0.401667 0.753567
0.230833 0.505837
0.057500 0.461738
0.940000 0.583658
0.021667 0.202335
0.212500 0.573281
0.480833 0.503243
0.397500 0.413748
0.638333 0.808042
0.196667 0.885863
0.283333 0.512322
0.990000 0.513619
0.585833 0.321660
0.193333 0.494163
0.740833 0.739300
0.332500 0.229572
0.621667 0.661479
0.295833 0.626459
0.575833 0.501946
0.440833 0.948119
0.733333 0.601816
0.262500 0.450065
0.578333 0.656291
0.424167 0.661479
0.348333 0.569390
0.485000 0.517510
0.627500 0.706874
0.009167 0.312581
0.695000 0.521401
0.705000 0.653696
0.790000 0.221790
0.050000 0.443580
0.247500 0.501946
0.574167 0.290532
0.028333 0.565499
0.042500 0.160830
0.931667 0.642023
0.640833 0.875486
0.076667 0.953307
0.127500 0.530480
0.793333 0.420233
0.088333 0.487678
0.165833 0.490272
0.779167 0.827497
0.122500 0.206226
0.459167 0.225681
0.042500 0.792477
0.481667 0.880674
0.102500 0.440986
0.455000 0.238651
0.101667 0.198444
0.645833 0.308690
0.429167 0.229572
0.809167 0.778210
0.040000 0.424125
0.946667 0.638132
0.619167 0.565499
0.565000 0.242542
0.707500 0.626459
0.069167 0.597925
0.121667 0.931258
0.555000 0.900130
0.172500 0.335927
0.859167 0.644617
0.383333 0.749676
0.816667 0.901427
0.242500 0.933852
0.449167 0.627756
0.464167 0.238651
0.185000 0.409857
0.642500 0.623865
0.192500 0.214008
0.415000 0.194553
0.520000 0.980545
0.472500 0.260700
0.832500 0.431907
0.779167 0.587549
0.305000 0.451362
0.475000 0.147860
0.759167 0.229572
0.174167 0.562905
0.609167 0.914397
0.040000 0.466926
0.440000 0.573281
0.556667 0.857328
0.505833 0.245136
0.150833 0.249027
0.142500 0.298314
0.310833 0.433204
0.580000 0.476005
0.685000 0.660182
0.825833 0.963684
0.354167 0.199741
0.538333 0.434501
0.829167 0.592737
0.980000 0.695201
0.059167 0.173800
0.488333 0.285344
0.744167 0.442283
0.960833 0.566796
0.189167 0.833982
0.277500 0.741894
0.162500 0.827497
0.212500 0.887160
0.370833 0.430610
0.590000 0.531777
0.980833 0.809339
0.335833 0.243839
0.616667 0.613489
0.386667 0.226978
0.556667 0.236057
0.105833 0.473411
0.202500 0.463035
0.330833 0.662776
0.809167 0.702983
0.172500 0.216602
0.682500 0.591440
0.704167 0.695201
0.625833 0.757458
0.313333 0.531777
0.243333 0.434501
0.395833 0.605707
0.994167 0.945525
0.565000 0.307393
0.710000 0.735409
0.683333 0.836576
0.144167 0.656291
0.460833 0.798962
0.500000 0.700389
0.324167 0.380026
0.435000 0.295720
0.730833 0.775616
0.925000 0.433204
0.405000 0.775616
0.230833 0.721141
0.398333 0.514916
0.214167 0.619974
0.606667 0.642023
0.014167 0.721141
0.544167 0.773022
0.009167 0.604410
0.168333 0.721141
0.455000 0.210117
0.074167 0.220493
0.475000 0.326848
0.060000 0.201038
0.956667 0.202335
0.693333 0.426719
0.773333 0.625162
0.237500 0.966278
0.111667 0.683528
0.436667 0.846952
0.393333 0.542153
0.786667 0.775616
0.188333 0.581064
0.556667 0.603113
0.435833 0.258106
0.832500 0.883268
0.559167 0.523995
0.880833 0.924773
