0.691624 0.471739
0.645939 0.441304
0.451777 0.376087
0.494924 0.319565
0.866751 0.819565
0.767766 0.315217
0.236041 0.365217
0.063452 0.567391
0.776650 0.419565
0.654822 0.700000
0.807107 0.358696
0.994924 0.304348
0.525381 0.250000
0.742386 0.500000
0.310914 0.486957
0.780457 0.267391
0.381980 0.454348
0.611675 0.341304
0.578680 0.528261
0.148477 0.380435
0.610406 0.478261
0.184010 0.845652
0.478426 0.428261
0.798223 0.352174
0.206853 0.510870
0.137056 0.315217
0.173858 0.554348
0.173858 0.636957
0.275381 0.719565
0.802030 0.452174
0.269036 0.604348
0.684010 0.621739
0.163706 0.443478
0.647208 0.617391
0.142132 0.891304
0.058376 0.393478
0.639594 0.426087
0.267766 0.376087
0.098985 0.413043
0.030457 0.989130
0.496193 0.465217
0.546954 0.432609
0.534264 0.315217
0.134518 0.639130
0.780457 0.382609
0.728426 0.517391
0.733503 0.363043
0.774112 0.439130
0.568528 0.352174
0.848985 0.354348
0.296954 0.463043
0.987310 0.423913
0.272843 0.365217
0.321066 0.350000
0.607868 0.541304
0.715736 0.369565
0.388325 0.441304
0.012690 0.506522
0.398477 0.682609
0.341371 0.354348
0.425127 0.604348
0.513959 0.554348
0.747462 0.289130
0.790609 0.497826
0.332487 0.343478
0.036802 0.843478
0.392132 0.465217
0.519036 0.389130
0.243655 0.326087
0.321066 0.315217
0.256345 0.560870
0.753807 0.784783
0.723350 0.306522
0.269036 0.417391
0.426396 0.465217
0.453046 0.541304
0.705584 0.384783
0.543147 0.308696
0.866751 0.423913
0.414975 0.343478
0.175127 0.767391
0.293147 0.491304
0.467005 0.356522
0.417513 0.486957
0.328680 0.450000
0.345178 0.341304
0.558376 0.347826
0.534264 0.519565
0.753807 0.458696
0.097716 0.758696
0.214467 0.871739
0.270305 0.573913
0.332487 0.317391
0.337563 0.556522
0.355330 0.639130
0.956853 0.747826
0.550761 0.358696
0.294416 0.334783
0.657360 0.636957
0.782995 0.547826
0.755076 0.260870
0.010152 0.547826
0.658629 0.567391
0.318528 0.591304
0.204315 0.376087
0.261421 0.460870
0.191624 0.734783
0.701777 0.532609
0.335025 0.360870
0.729695 0.343478
0.705584 0.315217
0.369289 0.395652
0.724619 0.280435
0.687817 0.306522
0.012690 0.617391
0.088832 0.615217
0.484772 0.397826
0.501269 0.471739
0.874365 0.363043
0.370558 0.482609
0.176396 0.371739
0.604061 0.328261
0.473350 0.352174
0.147208 0.397826
0.701777 0.434783
0.451777 0.306522
0.456853 0.619565
0.105330 0.515217
0.615482 0.447826
0.073604 0.526087
0.253807 0.652174
0.361675 0.417391
0.329949 0.373913
0.489848 0.310870
0.335025 0.495652
0.010152 0.669565
0.074873 0.660870
0.736041 0.323913
0.467005 0.304348
0.748731 0.373913
0.574873 0.323913
0.035533 0.760870
0.802030 0.323913
0.450508 0.426087
0.625635 0.797826
0.790609 0.502174
0.109137 0.719565
0.715736 0.423913
0.677665 0.356522
0.681472 0.541304
0.606599 0.350000
0.313452 0.430435
0.472081 0.526087
0.521574 0.321739
0.700508 0.402174
0.461929 0.834783
0.445431 0.486957
0.270305 0.528261
0.588832 0.504348
0.252538 0.471739
0.270305 0.341304
0.137056 0.293478
0.440355 0.454348
0.791878 0.434783
0.901015 0.400000
0.208122 0.439130
0.734772 0.289130
0.741117 0.350000
0.224619 0.484783
0.441624 0.321739
0.341371 0.415217
0.154822 0.476087
0.304569 0.319565
0.252538 0.523913
0.492386 0.345652
0.576142 0.539130
0.531726 0.552174
0.775381 0.332609
0.159898 0.806522
0.409898 0.439130
0.393401 0.513043
0.685279 0.441304
0.609137 0.519565
0.680203 0.500000
0.256345 0.441304
0.530457 0.602174
0.096447 0.813043
0.300761 0.363043
0.494924 0.567391
0.635787 0.454348
0.402284 0.489130
0.399746 0.328261
0.213198 0.547826
0.276650 0.445652
0.318528 0.295652
0.186548 0.369565
0.695431 0.719565
0.031726 0.567391
0.201777 0.802174
0.135787 0.356522
0.369289 0.317391
0.982234 0.554348
0.623096 0.256522
0.538071 0.391304
0.142132 0.534783
0.664975 0.413043
0.492386 0.441304
0.326142 0.639130
0.323604 0.967391
0.667513 0.347826
0.129442 0.489130
0.467005 0.441304
0.351523 0.321739
0.539340 0.567391
0.473350 0.552174
0.647208 0.528261
0.346447 0.591304
0.719543 0.356522
0.271574 0.356522
0.654822 0.502174
0.027919 0.428261
0.214467 0.339130
0.436548 0.413043
0.538071 0.465217
0.564721 0.419565
0.568528 0.736957
0.046954 0.508696
0.577411 0.363043
0.590102 0.332609
0.260152 0.376087
0.328680 0.556522
0.439086 0.302174
0.312183 0.539130
0.486041 0.332609
0.789340 0.317391
0.055838 0.413043
0.369289 0.347826
0.564721 0.523913
0.705584 0.254348
0.708122 0.445652
0.364213 0.482609
0.987310 0.502174
0.472081 0.656522
0.236041 0.569565
0.776650 0.365217
0.623096 0.373913
0.362944 0.447826
0.385787 0.313043
0.534264 0.432609
0.706853 0.471739
0.631980 0.400000
0.295685 0.593478
0.107868 0.482609
0.587563 0.478261
0.766497 0.356522
0.197970 0.523913
0.474619 0.371739
0.558376 0.330435
0.143401 0.439130
0.463198 0.463043
0.687817 0.376087
0.195431 0.552174
0.959391 0.569565
0.252538 0.350000
0.558376 0.497826
0.475888 0.304348
0.987310 0.384783
0.399746 0.432609
0.168782 0.736957
0.175127 0.413043
0.284264 0.360870
0.557107 0.471739
0.888325 0.439130
0.695431 0.343478
0.378173 0.354348
0.185279 0.332609
0.436548 0.513043
0.983503 0.345652
0.182741 0.695652
0.677665 0.328261
0.552030 0.308696
0.210660 0.358696
0.112944 0.843478
0.511421 0.569565
0.690355 0.330435
0.399746 0.382609
0.802030 0.267391
0.352792 0.441304
0.227157 0.417391
0.322335 0.526087
0.470812 0.669565
0.148477 0.291304
0.970812 0.532609
0.601523 0.421739
0.168782 0.684783
0.195431 0.330435
0.439086 0.336957
0.288071 0.334783
0.111675 0.628261
0.659898 0.380435
0.189086 0.493478
0.393401 0.419565
0.144670 0.580435
0.887056 0.710870
0.162437 0.317391
0.383249 0.606522
0.456853 0.326087
0.516497 0.728261
0.738579 0.454348
0.526650 0.365217
0.313452 0.365217
0.611675 0.652174
0.407360 0.676087
0.487310 0.545652
0.460660 0.419565
0.724619 0.432609
0.412437 0.395652
0.656091 0.456522
0.446701 0.330435
0.682741 0.417391
0.445431 0.352174
0.516497 0.465217
0.546954 0.252174
0.685279 0.352174
0.734772 0.302174
0.313452 0.460870
0.371827 0.563043
0.710660 0.586957
0.189086 0.593478
0.388325 0.371739
0.430203 0.528261
0.352792 0.517391
0.328680 0.408696
0.222081 0.456522
0.309645 0.341304
0.137056 0.336957
0.850254 0.376087
0.285533 0.658696
0.384518 0.697826
0.775381 0.306522
0.591371 0.356522
0.496193 0.313043
0.376904 0.865217
0.166244 0.347826
0.167513 0.330435
0.275381 0.319565
0.502538 0.447826
0.154822 0.354348
0.477157 0.473913
0.270305 0.395652
0.506345 0.352174
0.230964 0.336957
0.057107 0.471739
0.434010 0.571739
0.385787 0.345652
0.786802 0.356522
0.352792 0.391304
0.743655 0.254348
0.085025 0.558696
0.628173 0.591304
0.719543 0.497826
0.809645 0.278261
0.395939 0.576087
0.422589 0.378261
0.746193 0.352174
0.875635 0.406522
0.234772 0.397826
0.209391 0.654348
0.742386 0.434783
0.024112 0.789130
0.242386 0.339130
0.760152 0.432609
0.078680 0.723913
0.413706 0.421739
0.224619 0.323913
0.407360 0.352174
0.463198 0.565217
0.262690 0.689130
0.581218 0.345652
0.307107 0.697826
0.475888 0.504348
0.761421 0.365217
0.200508 0.315217
0.508883 0.500000
0.616751 0.704348
0.722081 0.376087
0.969543 0.423913
0.831218 0.552174
0.333756 0.513043
0.271574 0.489130
0.350254 0.360870
0.441624 0.480435
0.043147 0.480435
0.431472 0.643478
0.118020 0.552174
