0.422852 0.027344
0.682617 0.261068
0.639648 0.277344
0.397461 0.143880
0.437012 0.240885
0.364258 0.515625
0.584961 0.402995
0.449219 0.129557
0.632324 0.554688
0.534668 0.285807
0.604492 0.355469
0.416016 0.309896
0.567871 0.373698
0.404297 0.097005
0.388672 0.114583
0.436523 0.324219
0.708008 0.461589
0.341309 0.128255
0.591797 0.194661
0.607422 0.459635
0.613770 0.160807
0.479492 0.054036
0.349609 0.158854
0.427246 0.057943
0.401367 0.059896
0.458984 0.248047
0.469238 0.208984
0.591797 0.161458
0.587891 0.572917
0.565430 0.338542
0.650879 0.310547
0.524902 0.209635
0.625488 0.442057
0.514160 0.455078
0.458008 0.152344
0.397949 0.102865
0.374512 0.317057
0.666016 0.180339
0.407227 0.155599
0.487793 0.005859
0.414062 0.500000
0.417480 0.114583
0.592773 0.183594
0.470215 0.154297
0.432129 0.363932
0.605957 0.090495
0.657227 0.235677
0.527344 0.355469
0.427734 0.251302
0.664062 0.015625
0.416504 0.067057
0.586914 0.132161
0.581055 0.305990
0.435547 0.074870
0.589844 0.102865
0.535645 0.054688
0.477051 0.110026
0.497559 0.253255
0.606934 0.113281
0.613281 0.274740
0.611328 0.069010
0.637207 0.109375
0.375488 0.072266
0.487793 0.082031
0.429688 0.054036
0.645020 0.501302
0.656738 0.022786
0.417480 0.178385
0.468262 0.197917
0.678223 0.244792
0.353516 0.218750
0.582520 0.558594
0.606934 0.493490
0.526367 0.313802
0.671875 0.311849
0.493164 0.234375
0.374023 0.634766
0.406738 0.368490
0.690918 0.169271
0.446289 0.251302
0.507812 0.334635
0.356934 0.323568
0.387207 0.272786
0.440430 0.216146
0.645996 0.229167
0.479980 0.100260
0.610352 0.020182
0.345215 0.211589
0.458984 0.318359
0.391113 0.055339
0.474609 0.318359
0.439941 0.098958
0.400879 0.131510
0.648438 0.137370
0.504883 0.192057
0.645996 0.351562
0.673340 0.339844
0.606934 0.145182
0.615723 0.007812
0.571289 0.759115
0.324707 0.598958
0.369629 0.192057
0.682129 0.625651
0.703125 0.182292
0.554199 0.701823
0.409180 0.169271
0.578125 0.127604
0.657715 0.449219
0.449707 0.157552
0.413574 0.193359
0.315430 0.501302
0.540527 0.718750
0.566406 0.526042
0.600586 0.200521
0.587402 0.003906
0.435547 0.059896
0.642090 0.101562
0.622070 0.006510
0.649902 0.522786
0.468750 0.192057
0.634766 0.270182
0.562500 0.160807
0.607910 0.521484
0.504395 0.206380
0.385742 0.309245
0.411621 0.039062
0.347656 0.339193
0.507324 0.269531
0.397949 0.188151
0.366699 0.218099
0.637695 0.360677
0.501465 0.133464
0.467285 0.437500
0.712402 0.138672
0.551270 0.083984
0.339355 0.401042
0.545898 0.117839
0.345215 0.125651
0.439941 0.677083
0.463867 0.083984
0.486816 0.121094
0.505371 0.181641
0.382812 0.046224
0.527832 0.337240
0.422363 0.294922
0.554688 0.417969
0.513184 0.786458
0.470215 0.024740
0.650391 0.087240
0.445801 0.095052
0.436035 0.052083
0.527344 0.073568
0.541016 0.268229
0.462402 0.274740
0.322754 0.209635
0.602051 0.508464
0.584961 0.350911
0.618164 0.169922
0.675293 0.085938
0.595215 0.077474
0.612793 0.120443
0.388672 0.371094
0.656250 0.226562
0.424316 0.173828
0.630371 0.096354
0.505371 0.663411
0.328613 0.442708
0.539551 0.513672
0.342285 0.509766
0.404297 0.023438
0.569336 0.138021
0.375488 0.118490
0.714355 0.146484
0.394531 0.397135
0.712402 0.409505
0.618164 0.192708
0.433105 0.029948
0.614258 0.566406
0.375000 0.710938
0.588867 0.311198
0.593750 0.122396
0.454590 0.075521
0.573730 0.434896
0.581543 0.688151
0.539551 0.373047
0.353027 0.136719
0.431641 0.113281
0.385254 0.653646
0.559570 0.599609
0.518555 0.011719
0.561523 0.229818
0.572266 0.232422
0.506836 0.238932
0.540527 0.479167
0.636719 0.314453
0.477539 0.069010
0.387695 0.029297
0.421387 0.167318
0.517578 0.182943
0.652832 0.134115
0.729004 0.632812
0.665039 0.315755
0.589844 0.292318
0.562500 0.178385
0.438477 0.557943
0.563477 0.212240
0.341309 0.530599
0.541992 0.151042
0.530273 0.238932
0.523926 0.044922
0.512695 0.408203
0.529297 0.182943
0.462402 0.048177
0.455566 0.184896
0.385742 0.532552
0.479492 0.022786
0.358887 0.110026
0.495605 0.380859
0.617188 0.264323
0.666504 0.419922
0.370117 0.075521
0.692871 0.241536
0.658203 0.755859
0.622559 0.013672
0.332520 0.229167
0.604004 0.074870
0.695312 0.127604
0.414551 0.277344
0.388184 0.339193
0.594727 0.227214
0.615723 0.238932
0.423828 0.042318
0.459961 0.265625
0.695801 0.218750
0.507324 0.140625
0.336426 0.251302
0.448730 0.233724
0.632324 0.710286
0.595703 0.281250
0.636230 0.200521
0.566406 0.051432
0.515625 0.927734
0.468750 0.485677
0.467285 0.585938
0.434570 0.038411
0.484375 0.350911
0.559570 0.513021
0.439453 0.618490
0.380859 0.231771
0.469727 0.088542
0.492188 0.390625
0.553223 0.210938
0.583496 0.277995
0.384766 0.258464
0.588867 0.172526
0.636719 0.097005
0.326660 0.649089
0.594727 0.089193
0.677246 0.314453
0.362305 0.200521
0.397461 0.206380
0.558594 0.239583
0.599609 0.182292
0.605469 0.426432
0.618652 0.024089
0.510742 0.283854
0.623047 0.072266
0.575684 0.541667
0.410645 0.328125
0.539062 0.173828
0.689453 0.285156
0.567383 0.199219
0.642090 0.010417
0.625488 0.499349
0.540527 0.432292
0.566406 0.399089
0.493164 0.208984
0.486328 0.473307
0.497070 0.309245
0.375488 0.294271
0.470215 0.367188
0.373047 0.673828
0.603516 0.220703
0.449219 0.104818
0.612793 0.256510
0.470703 0.071615
0.645020 0.184245
0.229004 0.912760
0.392578 0.178385
0.552734 0.087891
0.558105 0.194661
0.490723 0.243490
0.660156 0.401042
0.621094 0.331380
0.397461 0.458984
0.402832 0.027995
0.465820 0.448568
0.473145 0.326172
0.427246 0.699870
0.577637 0.220052
0.527344 0.220052
0.458008 0.147135
0.657227 0.160156
0.686035 0.111328
0.628418 0.504557
0.485840 0.154297
0.344727 0.225260
0.485840 0.449870
0.557617 0.048828
0.390625 0.241536
0.530273 0.031901
0.523926 0.689453
0.608398 0.300781
0.313477 0.580729
0.605469 0.377604
0.495117 0.491536
0.549805 0.143229
0.382812 0.413411
0.361816 0.503255
0.418945 0.111328
0.327637 0.269531
0.383789 0.167318
0.509277 0.296224
0.436523 0.225260
0.421875 0.256510
0.586426 0.021484
0.607422 0.472656
0.487793 0.320964
0.699219 0.549479
0.345703 0.494141
0.549316 0.405599
0.477051 0.292318
0.489258 0.143229
0.665527 0.627604
0.538574 0.386068
0.425293 0.358073
0.459473 0.250651
0.452148 0.411458
0.422363 0.263672
0.746094 0.625651
0.483398 0.117839
0.459473 0.294922
0.664551 0.244792
0.590332 0.437500
0.411621 0.253906
0.651367 0.114583
0.401367 0.290365
0.484863 0.067057
0.661133 0.006510
0.658203 0.005208
0.712402 0.396484
0.546875 0.740234
0.597656 0.253906
0.389648 0.220703
0.476074 0.223307
0.457031 0.013672
0.564941 0.088542
0.709961 0.475260
0.574219 0.117839
0.758789 0.590495
0.538086 0.406250
0.654297 0.267578
0.602051 0.204427
0.524414 0.255208
0.371582 0.227214
0.553711 0.277995
0.675293 0.280599
0.487305 0.073568
0.568848 0.003255
0.518555 0.164062
0.550781 0.176432
0.742676 0.529948
0.531738 0.458333
0.676270 0.132812
0.625488 0.091797
0.424805 0.057292
0.391113 0.228516
0.465332 0.046224
0.532227 0.082031
0.378906 0.380208
0.564941 0.737630
0.663574 0.455729
0.459961 0.337891
0.337402 0.302083
0.581055 0.171875
0.447266 0.300130
0.554199 0.223307
0.412109 0.019531
0.604980 0.328125
0.495117 0.125000
0.622070 0.186849
0.418945 0.224609
0.356934 0.496094
0.393066 0.468099
0.390137 0.322266
0.570801 0.222656
0.338379 0.410156
0.678223 0.039062
0.590820 0.054036
0.426270 0.101562
0.410645 0.109375
0.688477 0.179688
0.409180 0.039714
0.416504 0.288411
0.459961 0.069661
0.566406 0.119792
0.349609 0.115234
0.533691 0.128906
0.363281 0.348958
0.587891 0.330078
0.573730 0.069010
0.415039 0.098307
0.553223 0.357422
0.417480 0.437500
0.483398 0.521484
0.572754 0.089844
0.593262 0.065104
0.562012 0.501953
0.611816 0.399740
0.660645 0.059245
0.604004 0.135417
0.437500 0.171224
0.651855 0.155599
0.485352 0.270182
0.481934 0.188802
0.556641 0.075521
0.332520 0.129557
0.685059 0.425130
0.450195 0.110677
0.581543 0.009115
0.578613 0.142578
0.325195 0.173828
0.623047 0.322266
0.365723 0.412109
0.531738 0.310547
0.446777 0.004557
0.524902 0.288411
0.669434 0.283854
0.323730 0.164714
0.684082 0.529948
0.423828 0.038411
0.441406 0.142578
0.675781 0.270833
0.669922 0.218750
0.537598 0.093750
0.436523 0.068359
0.603027 0.152344
0.436035 0.460286
0.571289 0.421875
0.631348 0.232422
0.425781 0.395833
0.393555 0.343099
0.522949 0.077474
0.567871 0.167969
0.685547 0.162109
0.580078 0.110677
0.354004 0.548828
0.545898 0.333984
0.568359 0.160156
0.451172 0.074219
0.630859 0.347656
0.346191 0.478516
0.398438 0.052734
0.582031 0.189453
0.679199 0.216797
0.444336 0.007161
0.599121 0.337891
0.351074 0.756510
0.563477 0.324870
0.618652 0.070312
0.427246 0.145833
0.356934 0.415365
0.518555 0.153646
0.455566 0.061849
0.361816 0.071615
0.489746 0.095703
0.618652 0.111979
0.552246 0.184245
0.509766 0.567708
0.417480 0.031250
0.583008 0.097005
0.317383 0.610677
0.446289 0.078125
0.522461 0.837891
0.636719 0.448568
0.532715 0.397786
0.386230 0.508464
0.639160 0.434896
0.537598 0.261068
0.665527 0.330078
0.612793 0.167318
0.487793 0.049479
0.418945 0.392578
0.651855 0.102865
0.525391 0.757161
0.674805 0.501302
0.438965 0.026693
0.322754 0.767578
0.716797 0.431641
0.486816 0.057292
0.405762 0.227865
0.507324 0.322917
0.517090 0.348307
0.338379 0.241536
0.672363 0.078776
0.349609 0.243490
0.588379 0.119792
0.576660 0.277344
0.516113 0.485677
0.645508 0.111979
0.602051 0.165365
0.341797 0.100260
0.545410 0.345052
0.387695 0.160807
0.397949 0.139323
0.458008 0.497396
0.483887 0.606120
0.485352 0.105469
0.401855 0.080078
0.541504 0.226562
0.477051 0.361979
0.512695 0.315104
0.326660 0.498698
0.339844 0.384115
0.478027 0.058594
0.458984 0.074219
0.676758 0.185547
0.562012 0.100260
0.355957 0.309245
0.705078 0.378906
0.463867 0.472656
0.493164 0.298177
0.341797 0.457031
0.561523 0.035807
0.562500 0.169271
0.465332 0.111328
0.644531 0.298177
0.446289 0.378255
0.630859 0.084635
0.617676 0.125000
0.494629 0.097005
0.358398 0.376953
0.719727 0.669271
0.702148 0.205729
0.643555 0.025391
0.677246 0.179688
0.566895 0.358073
0.572266 0.098958
0.478027 0.191406
0.515625 0.304688
0.562988 0.242839
0.716797 0.583984
0.471680 0.039062
0.661133 0.377604
0.473145 0.688151
0.508301 0.466797
0.473145 0.565104
0.459961 0.063802
0.658691 0.302734
0.455566 0.307943
0.655273 0.352865
0.471191 0.405599
0.380859 0.264323
0.665527 0.207031
0.384766 0.044271
0.621094 0.198568
0.380371 0.134115
0.339355 0.372396
0.470215 0.179688
0.347656 0.435547
0.606445 0.705729
0.290527 0.729167
0.651855 0.199219
0.377441 0.482422
0.407227 0.005859
0.364258 0.299479
0.458008 0.761719
0.580566 0.503906
0.393555 0.055339
0.459473 0.325521
0.606934 0.042969
0.466797 0.311198
0.362793 0.320312
0.550781 0.781901
0.690430 0.309896
0.424805 0.320312
0.675293 0.005208
0.513672 0.259766
0.497559 0.136068
0.610352 0.479818
0.333008 0.077474
0.402832 0.248047
0.405762 0.180339
0.631348 0.744792
0.625977 0.212240
0.539551 0.135417
0.568848 0.014323
0.683594 0.477214
0.394043 0.024740
0.539551 0.098958
0.486328 0.459635
0.625000 0.760417
0.501465 0.368490
0.671875 0.205078
0.694336 0.689453
0.500488 0.251302
0.463867 0.107422
0.518066 0.242188
0.608398 0.186198
0.354492 0.390625
0.546387 0.192057
0.443848 0.289714
0.486328 0.020833
0.438477 0.158203
0.643555 0.638021
0.612305 0.208984
0.436035 0.118490
0.590820 0.388672
0.435059 0.436198
0.347168 0.086589
0.645020 0.089844
0.371582 0.251302
0.596680 0.317708
0.416992 0.142578
0.385742 0.060547
0.627441 0.282552
0.575684 0.369792
0.696289 0.263021
0.558594 0.104818
0.492676 0.732422
0.376953 0.173177
0.411133 0.135417
0.661621 0.203776
0.629883 0.299479
0.777832 0.630859
0.668457 0.255208
0.693848 0.335286
0.357910 0.087891
0.402832 0.089193
0.635742 0.578125
0.538086 0.115234
0.651855 0.001953
0.676758 0.092448
0.470215 0.250000
0.606445 0.248698
0.400879 0.030599
0.619629 0.143229
0.664062 0.260417
0.468750 0.080078
0.570801 0.102214
0.643066 0.060547
0.409180 0.086589
0.511230 0.607422
0.574707 0.155599
0.561035 0.116536
0.535645 0.179688
0.471191 0.124349
0.368164 0.324219
0.628418 0.024089
0.461426 0.121745
0.452637 0.096354
0.334473 0.288411
0.507324 0.714844
0.363770 0.260417
0.418945 0.412760
0.536621 0.293620
0.427734 0.136719
0.441406 0.208984
0.525879 0.264323
0.731934 0.498698
0.540527 0.354167
0.359375 0.044271
0.644531 0.164714
0.604004 0.063802
0.391602 0.490885
0.480957 0.033203
0.323730 0.181641
0.581543 0.080729
0.347656 0.322917
0.435547 0.139974
0.426758 0.761068
0.486816 0.715495
0.619629 0.158203
0.542969 0.216797
0.542480 0.159505
0.388184 0.687500
0.683594 0.322266
0.613281 0.156250
0.537109 0.079427
0.606934 0.604818
0.634766 0.324870
0.672852 0.197266
0.569336 0.071615
0.413086 0.093750
0.616211 0.770182
0.324707 0.231120
0.331543 0.345052
0.572266 0.715495
0.708984 0.754557
0.486328 0.014323
0.507324 0.170573
0.460938 0.160156
0.407227 0.054036
0.397461 0.029297
0.390625 0.022786
0.433594 0.047526
0.652344 0.565755
0.622559 0.648438
0.665527 0.590495
0.367188 0.232422
0.594727 0.207682
0.553711 0.130859
0.433594 0.175781
0.482422 0.760417
0.392578 0.625000
0.583008 0.210938
0.420898 0.241536
0.729980 0.488932
0.660645 0.026693
0.542480 0.104818
0.408691 0.104818
0.540527 0.066406
0.549805 0.104818
0.457520 0.520182
0.564453 0.577474
0.544434 0.072917
0.518066 0.145833
0.462402 0.054688
0.341797 0.668620
0.366211 0.457031
0.661621 0.098307
0.570312 0.009766
0.626953 0.179688
0.526367 0.731120
0.547363 0.095703
0.358887 0.017578
0.561523 0.125000
0.580566 0.123047
0.448242 0.365885
0.530762 0.080729
0.421387 0.108073
0.622559 0.103516
0.424316 0.084635
0.596680 0.108073
0.664062 0.052083
0.578125 0.106120
0.367188 0.028646
0.329590 0.571615
0.510742 0.225260
0.320801 0.695312
0.344238 0.136068
0.636230 0.166667
0.588379 0.126302
0.542969 0.001953
0.653320 0.180990
0.482910 0.149089
0.657227 0.259766
0.417969 0.159505
0.598633 0.214844
0.619629 0.306641
0.592773 0.201172
0.425293 0.160807
0.515625 0.201823
0.654297 0.686198
0.432617 0.347656
0.632812 0.308594
0.354004 0.354167
0.657227 0.065755
0.452637 0.421875
0.645508 0.590495
0.500977 0.421875
0.589355 0.217448
0.402344 0.360026
0.477539 0.376302
0.356934 0.544922
0.451172 0.606771
0.381348 0.223307
0.701660 0.140625
0.412109 0.580078
0.450195 0.002604
0.339355 0.281901
0.477539 0.082682
0.625000 0.606120
0.395020 0.041016
0.728027 0.457682
0.553223 0.320964
0.746582 0.701172
0.674316 0.295573
0.572754 0.263672
0.646973 0.660807
0.465332 0.140625
0.327637 0.418620
0.388184 0.290365
0.511230 0.543620
0.587402 0.492188
0.416504 0.184896
0.417480 0.087891
0.611816 0.437500
0.414551 0.248047
0.760254 0.615885
0.506836 0.638021
0.572266 0.139974
0.721680 0.621745
0.635742 0.138021
0.514160 0.434896
0.323730 0.197266
0.352051 0.298177
0.630371 0.006510
0.525391 0.140625
0.452637 0.199219
0.514648 0.179036
0.496094 0.429036
0.365234 0.376302
0.594727 0.117188
0.612793 0.138021
0.436523 0.055990
0.555176 0.116536
0.471191 0.046224
0.526367 0.159505
0.670898 0.322266
0.657227 0.732422
0.342773 0.166016
0.574707 0.411458
0.456543 0.037109
0.448730 0.386068
0.541016 0.056641
0.471680 0.027995
0.700195 0.344401
0.413574 0.333333
0.632812 0.251953
0.362793 0.025391
0.470215 0.246094
0.454590 0.192057
0.652344 0.123047
0.323242 0.460286
0.455078 0.003255
0.459961 0.232422
0.375977 0.612630
0.584961 0.151693
0.668945 0.448568
0.359375 0.701172
0.395508 0.105469
0.426270 0.071615
0.604004 0.016276
0.538086 0.364583
0.521973 0.194010
0.479492 0.140625
0.320801 0.550130
0.466797 0.274089
0.393555 0.250000
0.562012 0.267578
0.458496 0.078776
0.397949 0.266276
0.415039 0.350260
0.482422 0.328125
0.678223 0.067708
0.583984 0.227214
0.444824 0.315104
0.535156 0.490885
0.346191 0.256510
0.629395 0.527995
0.571777 0.039714
0.605469 0.317708
0.560547 0.561198
0.556152 0.113281
0.583496 0.038411
0.536133 0.257161
0.418945 0.456380
0.448730 0.172526
0.543945 0.561849
0.608398 0.105469
0.399414 0.419271
0.327148 0.503255
0.599121 0.108724
0.541016 0.643229
0.407227 0.150391
0.788086 0.660807
0.569336 0.276693
0.673340 0.153646
0.602051 0.722656
0.557129 0.169271
0.651855 0.141927
0.539551 0.143880
0.394531 0.110026
0.465820 0.128255
0.615723 0.131510
0.569336 0.130859
0.673340 0.258464
0.331543 0.186198
0.339355 0.139323
0.724609 0.518880
0.341309 0.318359
0.452148 0.346354
0.466309 0.235677
0.670410 0.163411
0.703125 0.360026
0.598145 0.074219
0.666504 0.270182
0.536133 0.347656
0.515625 0.418620
0.644531 0.156901
0.645020 0.097005
0.715332 0.539062
0.694336 0.760417
0.530273 0.527995
0.475586 0.239583
0.411621 0.625651
0.498047 0.196615
0.608887 0.159505
0.733887 0.598307
0.465332 0.174479
0.508789 0.358724
0.612305 0.220052
0.328613 0.711589
0.682129 0.141927
0.587402 0.108724
0.656250 0.190104
0.358887 0.364583
0.646973 0.048828
0.454590 0.065755
0.613281 0.447917
0.616211 0.099609
0.393555 0.132161
0.338867 0.206380
0.573730 0.289062
0.392090 0.136719
0.436035 0.643229
0.636230 0.210938
0.541016 0.673177
0.404297 0.231120
0.431152 0.131510
0.484863 0.281901
0.643555 0.117188
0.482422 0.080729
0.404785 0.309245
0.594238 0.059245
0.563965 0.315755
0.560547 0.130208
0.531250 0.203125
0.359863 0.198568
0.682129 0.372396
0.597656 0.227865
0.572754 0.632161
0.538086 0.121094
0.683105 0.205729
0.439941 0.103516
0.346680 0.150391
0.682617 0.281250
0.525391 0.297526
0.633301 0.193359
0.585938 0.514323
0.476074 0.043620
0.622070 0.365234
0.586914 0.141927
0.531250 0.152344
0.604004 0.277995
0.521484 0.279297
0.561523 0.188802
0.668945 0.513672
0.766602 0.679688
0.411133 0.199870
0.626953 0.457682
0.328613 0.258464
0.400879 0.320964
0.606934 0.238281
0.532227 0.233073
0.486328 0.251953
0.554199 0.763021
0.370605 0.106771
0.354004 0.077474
0.586914 0.261068
0.628418 0.063802
0.534180 0.062500
0.426270 0.298828
0.583984 0.085938
0.609375 0.067708
0.518066 0.580078
0.651855 0.056641
0.454102 0.738281
0.534180 0.191406
0.578613 0.196615
0.447266 0.213542
0.604980 0.197266
0.640137 0.478516
0.503906 0.231120
0.684082 0.750651
0.613281 0.224609
0.649902 0.168620
0.473633 0.258464
0.634277 0.009115
0.374512 0.097656
0.505859 0.251302
0.436035 0.312500
0.567871 0.332682
0.653320 0.496094
0.391602 0.128255
0.350586 0.236328
0.349609 0.061198
0.599609 0.008464
0.400391 0.005859
0.331543 0.180990
0.572266 0.453776
0.698242 0.121094
0.375488 0.212891
0.453125 0.108073
0.430664 0.246094
0.497070 0.368490
0.553711 0.527344
0.546387 0.311849
0.436035 0.087240
0.426758 0.218099
0.361328 0.057943
0.462402 0.533854
0.555176 0.234375
0.555176 0.259766
0.625488 0.078776
0.747559 0.649740
0.311523 0.512370
0.389648 0.100260
0.620605 0.243490
0.528320 0.323568
0.468262 0.134766
0.439941 0.263021
0.338379 0.559896
0.387695 0.089844
0.367188 0.055339
0.422363 0.065755
0.586426 0.479167
0.546875 0.247396
0.594238 0.449219
0.609863 0.320312
0.611328 0.242188
0.542480 0.305990
0.555176 0.158203
0.524414 0.363932
0.369629 0.045573
0.600098 0.623047
0.572754 0.226562
0.381348 0.345703
0.476562 0.015625
0.403320 0.154297
0.422852 0.727214
0.488770 0.224609
0.652344 0.214844
0.413574 0.546875
0.479004 0.196615
0.702148 0.194661
0.558594 0.223958
0.509766 0.747396
0.679688 0.140625
0.348145 0.145833
0.331543 0.357422
0.558105 0.288411
0.379883 0.205729
0.429688 0.197917
0.526367 0.179688
0.610352 0.094401
0.471680 0.097656
0.664062 0.291016
0.418945 0.597005
0.352051 0.645833
0.423340 0.532552
0.400879 0.537760
0.583496 0.218750
0.391113 0.580078
0.442871 0.321615
0.535156 0.417969
0.465820 0.012370
0.441406 0.069661
0.601562 0.094401
0.586426 0.090495
0.613281 0.546224
0.693359 0.278646
0.561035 0.216797
0.514160 0.245443
0.354004 0.591797
0.547852 0.067708
0.583984 0.339844
0.382812 0.242839
0.646973 0.009115
0.504883 0.167318
0.401367 0.277344
0.687500 0.317708
0.504395 0.158854
0.416504 0.341146
0.624512 0.263672
0.544434 0.038411
0.548828 0.213542
0.343262 0.072917
0.656250 0.166667
0.673828 0.409505
0.450684 0.401042
0.561035 0.251953
0.571289 0.382161
0.621582 0.236328
0.573242 0.085286
0.627930 0.114583
0.649414 0.363932
0.438477 0.004557
0.697754 0.255859
0.479980 0.160156
0.641113 0.409505
0.489746 0.070312
0.655762 0.011068
0.381348 0.550130
0.361816 0.268229
0.441895 0.108724
0.612305 0.339844
0.458008 0.123047
0.460938 0.027344
0.354492 0.091146
0.429199 0.514974
0.416992 0.483724
0.531738 0.794271
0.612793 0.325521
0.644043 0.001302
0.368164 0.474609
0.450684 0.360677
0.652344 0.251302
0.422852 0.422526
0.394531 0.156901
0.435059 0.097656
0.691406 0.096354
0.622070 0.631510
0.447754 0.037109
0.429199 0.041016
0.533203 0.621745
0.364258 0.167318
0.519531 0.016927
0.409668 0.375651
0.626465 0.070312
0.580078 0.159505
0.602539 0.145182
0.537598 0.599609
0.616211 0.352865
0.493164 0.503906
0.480469 0.539714
0.571289 0.177083
0.647949 0.212240
0.700195 0.508464
0.616211 0.660807
0.529785 0.170573
0.659668 0.105469
0.453125 0.165365
0.436035 0.496094
0.344238 0.986979
0.594727 0.408854
0.639648 0.611979
0.354492 0.284505
0.424316 0.106771
0.485840 0.177083
0.555176 0.446615
0.579102 0.260417
0.495117 0.446615
0.399902 0.159505
0.333496 0.177083
0.561035 0.091146
0.395996 0.196615
0.666016 0.478516
0.570801 0.192708
0.568848 0.612630
0.635254 0.177734
0.563477 0.302734
0.471191 0.064453
0.694336 0.230469
0.496094 0.090495
0.628906 0.149089
0.368652 0.287760
0.458984 0.718750
0.336914 0.274089
0.675781 0.496094
0.520996 0.375000
0.539551 0.757161
0.461426 0.667318
0.645508 0.263021
0.563965 0.196615
0.671387 0.236328
0.488281 0.089844
0.428223 0.090495
0.551758 0.166667
0.489746 0.411458
0.549805 0.111979
0.404785 0.139323
0.532227 0.195312
0.542480 0.248698
0.307129 0.473958
0.677734 0.251953
0.549805 0.113932
0.475586 0.076823
0.470703 0.389323
0.485840 0.128906
0.497559 0.151693
0.409668 0.670573
0.378418 0.190755
0.480957 0.088542
0.442383 0.045573
0.463379 0.132161
0.616211 0.235026
0.345703 0.071615
0.674805 0.360677
0.697754 0.110677
0.440430 0.485026
0.497559 0.018880
0.553223 0.203125
0.592773 0.662109
0.364746 0.339193
0.639160 0.197266
0.704102 0.716146
0.654785 0.285807
0.599609 0.237630
0.428223 0.371745
0.593750 0.147135
0.595215 0.101562
0.410156 0.035156
0.690918 0.272135
0.514648 0.389323
0.553223 0.371745
0.610352 0.370443
0.420898 0.210286
0.567383 0.078125
0.490723 0.182943
0.428711 0.190755
0.489258 0.258464
0.663086 0.225260
0.415039 0.116536
0.442871 0.200521
0.359375 0.407552
0.432129 0.093099
0.642578 0.078776
0.433105 0.231120
0.480957 0.059896
0.339844 0.254557
0.692871 0.143880
0.640625 0.225260
0.606445 0.293620
0.472656 0.110677
0.487793 0.169922
0.466309 0.647786
0.477539 0.345052
0.401855 0.116536
0.432129 0.251953
0.333008 0.094401
0.412109 0.122396
0.583008 0.179688
0.404785 0.342448
0.479004 0.214193
0.585449 0.117839
0.661621 0.216146
0.596680 0.138672
0.683105 0.170573
0.455078 0.052083
0.686523 0.215495
0.404297 0.217448
0.437988 0.205078
0.672852 0.736979
0.434082 0.162109
0.634766 0.159505
0.650391 0.272786
0.655762 0.337891
0.637207 0.376302
0.592285 0.130208
0.418457 0.126953
0.585938 0.065755
0.505371 0.220703
0.616211 0.187500
0.419922 0.474609
0.676758 0.064453
0.771973 0.768229
0.590820 0.270833
0.496094 0.314453
0.340332 0.380208
0.439453 0.114583
0.473145 0.114583
0.607422 0.078776
0.473145 0.268880
0.540039 0.072266
0.583008 0.239583
0.585938 0.461589
0.625488 0.162109
0.574707 0.251953
0.425293 0.328776
0.437500 0.185547
0.575684 0.311198
0.382324 0.352865
0.474121 0.279297
0.455566 0.208984
0.632812 0.391276
0.637695 0.071615
0.614746 0.391927
0.405273 0.705729
0.406738 0.236328
0.607422 0.233724
0.667480 0.372396
0.307129 0.567708
0.673340 0.679688
0.642578 0.330078
0.618652 0.080729
0.362793 0.053385
0.611816 0.294271
0.390625 0.299479
0.564453 0.477214
0.356934 0.253906
0.408691 0.261719
0.385254 0.444661
0.484863 0.114583
0.627441 0.271484
0.681641 0.231120
0.565430 0.092448
0.670410 0.188802
0.387207 0.315104
0.627441 0.488932
0.679199 0.706380
0.449219 0.440104
0.449219 0.283854
0.687988 0.492839
0.561035 0.069661
0.518555 0.205729
0.630859 0.131510
0.342773 0.348307
0.579102 0.380208
0.639648 0.106771
0.431152 0.104818
0.697754 0.215495
0.489258 0.015625
0.624512 0.194661
0.556152 0.095052
0.304688 0.533203
0.559570 0.144531
0.651367 0.242839
0.645996 0.283854
0.535645 0.072917
0.604980 0.126953
0.577148 0.149089
0.469727 0.166016
0.661621 0.001953
0.414062 0.023438
0.629883 0.011068
0.523926 0.128255
0.468262 0.186849
0.378418 0.759115
0.376465 0.397786
0.650391 0.093750
0.791016 0.695964
0.325684 0.363932
0.541504 0.130208
0.510742 0.214844
0.574707 0.015625
0.620605 0.133464
0.632324 0.244792
0.619141 0.429036
0.650879 0.546875
0.586426 0.078776
0.595703 0.019531
0.403320 0.250651
0.735840 0.552083
0.594727 0.358073
0.618652 0.117839
0.760254 0.727865
0.491211 0.651693
0.564453 0.495443
0.448242 0.457031
0.622559 0.225911
0.376465 0.057943
0.491699 0.288411
0.500977 0.147786
0.407715 0.210938
0.580566 0.499349
0.464844 0.223307
0.548340 0.321615
0.374023 0.027995
0.629395 0.108073
0.568848 0.124349
0.654297 0.025391
0.525879 0.244792
0.511230 0.161458
0.557129 0.129557
0.549805 0.458984
0.678711 0.304036
0.681641 0.383464
0.381348 0.199219
0.640137 0.260417
0.493652 0.164714
0.548340 0.122396
0.632324 0.061849
0.467285 0.102214
0.552246 0.077474
0.639648 0.143880
0.461914 0.215495
0.596191 0.026693
0.463867 0.148438
0.619141 0.101562
0.451172 0.058594
0.399414 0.257812
0.604492 0.100911
0.369141 0.583333
0.389648 0.042969
0.447754 0.009766
0.646484 0.254557
0.685547 0.652995
0.450684 0.115885
0.364746 0.236328
0.514648 0.233073
0.322266 0.391276
0.419922 0.041016
0.597168 0.367839
0.597168 0.305339
0.656738 0.115234
0.475586 0.123047
0.566895 0.300781
0.510254 0.128906
0.687012 0.572917
0.451172 0.186849
0.549805 0.132161
0.541504 0.203125
0.531250 0.556641
0.479004 0.033203
0.324707 0.189453
0.500977 0.261068
0.370117 0.026042
0.612305 0.417969
0.583008 0.315755
0.586914 0.070964
0.390137 0.211589
0.388184 0.234375
0.435547 0.334635
0.557617 0.003906
0.533203 0.199219
0.675781 0.540365
0.598633 0.162109
0.404785 0.114583
0.416016 0.250651
0.542969 0.087891
0.526855 0.449870
0.403809 0.294922
0.498535 0.640625
0.340820 0.575521
0.494141 0.173828
0.370605 0.442708
0.411621 0.647786
0.408203 0.429688
0.655273 0.041667
0.632324 0.499349
0.383789 0.154297
0.343262 0.328125
0.705078 0.439453
0.660645 0.131510
0.578613 0.177083
0.594238 0.587891
0.545410 0.291016
0.630371 0.695964
0.382324 0.033854
0.534180 0.047526
0.800293 0.950521
0.415039 0.496745
0.486328 0.136719
0.446289 0.226562
0.585938 0.707682
0.649414 0.320964
0.437500 0.029297
0.395020 0.035807
0.669434 0.005859
0.410645 0.117188
0.422363 0.121745
0.474609 0.422526
0.441406 0.580078
0.613770 0.179036
0.658691 0.083984
0.640625 0.339844
0.692871 0.199870
0.512695 0.154948
0.687988 0.292969
0.600098 0.743490
0.455078 0.085938
0.546387 0.181641
0.401367 0.022786
0.455078 0.145182
0.539551 0.188151
