0.341071 0.907143
0.897321 0.219048
0.227679 0.176190
0.717857 0.032143
0.969643 0.209524
0.110714 0.048810
0.226786 0.320238
0.308929 0.560714
0.064286 0.302381
0.133036 0.113095
0.140179 0.646429
0.272321 0.126190
0.102679 0.600000
0.560714 0.129762
0.166964 0.627381
0.779464 0.925000
0.773214 0.873810
0.641964 0.479762
0.257143 0.378571
0.208929 0.519048
0.358929 0.776190
0.099107 0.041667
0.516071 0.309524
0.241071 0.546429
0.441071 0.157143
0.989286 0.608333
0.075000 0.101190
0.679464 0.133333
0.107143 0.420238
0.311607 0.907143
0.737500 0.110714
0.464286 0.151190
0.583036 0.207143
0.732143 0.078571
0.673214 0.121429
0.282143 0.655952
0.513393 0.845238
0.043750 0.038095
0.784821 0.771429
0.810714 0.319048
0.557143 0.738095
0.779464 0.547619
0.400893 0.194048
0.765179 0.440476
0.844643 0.309524
0.650893 0.161905
0.549107 0.815476
0.626786 0.633333
0.826786 0.152381
0.508929 0.066667
0.161607 0.342857
0.203571 0.991667
0.798214 0.230952
0.037500 0.053571
0.376786 0.188095
0.632143 0.047619
0.191071 0.408333
0.737500 0.501190
0.938393 0.008333
0.008036 0.140476
0.055357 0.420238
0.711607 0.271429
0.649107 0.035714
0.141964 0.108333
0.240179 0.372619
0.194643 0.067857
0.548214 0.089286
0.441071 0.446429
0.398214 0.515476
0.572321 0.504762
0.613393 0.004762
0.341964 0.304762
0.590179 0.533333
0.916964 0.590476
0.509821 0.129762
0.870536 0.314286
0.518750 0.655952
0.333036 0.216667
0.178571 0.291667
0.825893 0.138095
0.265179 0.138095
0.135714 0.244048
0.624107 0.373810
0.258929 0.185714
0.007143 0.628571
0.453571 0.097619
0.111607 0.298810
0.323214 0.178571
0.551786 0.540476
0.604464 0.441667
0.477679 0.130952
0.885714 0.038095
0.409821 0.155952
0.500893 0.333333
0.206250 0.055952
0.663393 0.961905
0.901786 0.825000
0.838393 0.613095
0.659821 0.235714
0.877679 0.022619
0.109821 0.139286
0.888393 0.198810
0.099107 0.114286
0.349107 0.065476
0.053571 0.321429
0.241071 0.292857
0.223214 0.491667
0.992857 0.303571
0.114286 0.971429
0.587500 0.598810
0.529464 0.108333
0.060714 0.557143
0.665179 0.694048
0.989286 0.716667
0.208929 0.116667
0.911607 0.086905
0.404464 0.085714
0.847321 0.058333
0.137500 0.055952
0.893750 0.775000
0.657143 0.671429
0.883929 0.213095
0.397321 0.996429
0.830357 0.576190
0.107143 0.205952
0.854464 0.866667
0.802679 0.254762
0.234821 0.150000
0.189286 0.215476
0.903571 0.115476
0.141964 0.560714
0.692857 0.428571
0.667857 0.307143
0.503571 0.394048
0.741071 0.221429
0.238393 0.017857
0.312500 0.072619
0.791964 0.076190
0.067857 0.121429
0.955357 0.205952
0.114286 0.105952
0.609821 0.134524
0.217857 0.392857
0.014286 0.258333
0.263393 0.553571
0.421429 0.305952
0.532143 0.469048
0.006250 0.015476
0.799107 0.294048
0.888393 0.460714
0.722321 0.205952
0.201786 0.230952
0.261607 0.071429
0.995536 0.873810
0.378571 0.022619
0.157143 0.398810
0.101786 0.446429
0.850893 0.244048
0.131250 0.139286
0.952679 0.129762
0.093750 0.021429
0.292857 0.513095
0.622321 0.310714
0.750000 0.091667
0.520536 0.083333
0.451786 0.404762
0.302679 0.222619
0.945536 0.402381
0.982143 0.083333
0.033929 0.178571
0.464286 0.201190
0.208036 0.622619
0.119643 0.564286
0.760714 0.121429
0.152679 0.119048
0.918750 0.547619
0.044643 0.361905
0.110714 0.829762
0.344643 0.076190
0.801786 0.144048
0.771429 0.038095
0.138393 0.271429
0.566071 0.467857
0.200000 0.491667
0.190179 0.558333
0.660714 0.900000
0.924107 0.113095
0.516071 0.026190
0.507143 0.257143
0.902679 0.239286
0.925893 0.054762
0.691071 0.236905
0.040179 0.140476
0.609821 0.159524
0.264286 0.209524
0.167857 0.680952
0.346429 0.417857
0.718750 0.484524
0.317857 0.340476
0.414286 0.105952
0.692857 0.348810
0.348214 0.951190
0.881250 0.261905
0.187500 0.161905
0.266071 0.751190
0.750893 0.484524
0.424107 0.636905
0.279464 0.913095
0.958036 0.421429
0.622321 0.191667
0.730357 0.155952
0.761607 0.161905
0.568750 0.117857
0.598214 0.091667
0.384821 0.909524
0.238393 0.936905
0.514286 0.746429
0.621429 0.691667
0.417857 0.090476
0.084821 0.009524
0.193750 0.294048
0.399107 0.026190
0.922321 0.913095
0.404464 0.307143
0.745536 0.240476
0.679464 0.072619
0.887500 0.513095
0.100000 0.161905
0.123214 0.385714
0.769643 0.121429
0.493750 0.509524
0.334821 0.041667
0.311607 0.630952
0.920536 0.180952
0.616964 0.246429
0.105357 0.014286
0.716071 0.190476
0.999107 0.563095
0.020536 0.090476
0.776786 0.104762
0.138393 0.771429
0.921429 0.254762
0.146429 0.054762
0.173214 0.110714
0.483929 0.619048
0.350893 0.509524
0.879464 0.159524
0.115179 0.638095
0.991071 0.417857
0.328571 0.396429
0.341071 0.180952
0.180357 0.647619
0.008929 0.869048
0.880357 0.063095
0.053571 0.177381
0.188393 0.801190
0.808036 0.558333
0.200893 0.170238
0.741071 0.036905
0.614286 0.067857
0.091964 0.233333
0.764286 0.359524
0.225893 0.155952
0.026786 0.586905
0.633929 0.111905
0.303571 0.697619
0.378571 0.090476
0.775893 0.680952
0.486607 0.763095
0.335714 0.132143
0.926786 0.080952
0.088393 0.704762
0.067857 0.521429
0.895536 0.057143
0.573214 0.869048
0.649107 0.123810
0.248214 0.009524
0.154464 0.484524
0.294643 0.672619
0.988393 0.083333
0.701786 0.289286
0.917857 0.622619
0.455357 0.560714
0.889286 0.097619
0.598214 0.204762
0.745536 0.020238
0.758036 0.103571
0.114286 0.123810
0.900000 0.025000
0.430357 0.255952
0.175000 0.017857
0.652679 0.445238
0.973214 0.034524
0.983036 0.101190
0.583929 0.805952
0.708929 0.744048
0.350893 0.277381
0.838393 0.073810
0.783929 0.096429
0.275893 0.345238
0.711607 0.151190
0.274107 0.301190
0.300000 0.007143
0.084821 0.203571
0.235714 0.065476
0.071429 0.726190
0.408929 0.546429
0.425000 0.120238
0.641964 0.175000
0.736607 0.161905
0.972321 0.271429
0.020536 0.540476
0.830357 0.834524
0.681250 0.016667
0.471429 0.329762
0.611607 0.330952
0.706250 0.077381
0.026786 0.057143
0.144643 0.142857
0.816071 0.398810
0.033929 0.748810
0.697321 0.797619
0.773214 0.008333
0.674107 0.055952
0.816964 0.127381
0.972321 0.436905
0.320536 0.372619
0.015179 0.732143
0.208036 0.246429
0.041071 0.559524
0.108036 0.547619
0.325000 0.048810
0.089286 0.127381
0.071429 0.471429
0.278571 0.503571
0.829464 0.320238
0.650893 0.510714
0.698214 0.900000
0.294643 0.041667
0.010714 0.154762
0.356250 0.040476
0.541071 0.675000
0.716071 0.165476
0.925893 0.190476
0.635714 0.071429
0.950893 0.679762
0.065179 0.378571
0.042857 0.419048
0.574107 0.128571
0.954464 0.471429
0.580357 0.030952
0.108929 0.728571
0.545536 0.579762
0.877679 0.082143
0.376786 0.047619
0.229464 0.696429
0.806250 0.678571
0.523214 0.507143
0.253571 0.140476
0.398214 0.107143
0.697321 0.091667
0.339286 0.596429
0.671429 0.205952
0.734821 0.057143
0.705357 0.132143
0.853571 0.146429
0.467857 0.647619
0.523214 0.555952
0.215179 0.071429
0.850000 0.426190
0.787500 0.119048
0.817857 0.051190
0.828571 0.059524
0.824107 0.209524
0.625893 0.107143
0.558929 0.064286
0.795536 0.097619
0.443750 0.345238
0.143750 0.205952
0.019643 0.153571
0.525000 0.319048
0.866964 0.191667
0.966964 0.097619
0.783036 0.335714
0.895536 0.078571
0.712500 0.460714
0.100000 0.377381
0.914286 0.153571
0.039286 0.077381
0.225893 0.089286
0.769643 0.642857
0.675000 0.644048
0.286607 0.070238
0.343750 0.109524
0.390179 0.419048
0.249107 0.584524
0.831250 0.477381
0.337500 0.166667
0.079464 0.038095
0.402679 0.678571
0.221429 0.101190
0.753571 0.258333
0.635714 0.439286
0.960714 0.784524
0.569643 0.557143
0.948214 0.078571
0.390179 0.010714
0.652679 0.340476
0.183036 0.430952
0.582143 0.939286
0.541964 0.427381
0.915179 0.417857
0.827679 0.796429
0.516071 0.100000
0.612500 0.566667
0.076786 0.120238
0.216071 0.244048
0.960714 0.076190
0.276786 0.060714
0.477679 0.053571
0.556250 0.865476
0.535714 0.055952
0.691964 0.151190
0.212500 0.326190
0.742857 0.073810
0.288393 0.195238
0.165179 0.234524
0.161607 0.446429
0.218750 0.647619
0.541071 0.066667
0.555357 0.600000
0.673214 0.500000
0.691071 0.750000
0.666964 0.001190
0.775000 0.061905
0.411607 0.873810
0.124107 0.190476
0.740179 0.688095
0.676786 0.284524
0.286607 0.411905
0.093750 0.740476
0.652679 0.605952
0.627679 0.535714
0.619643 0.139286
0.119643 0.510714
0.274107 0.222619
0.080357 0.177381
0.585714 0.065476
0.807143 0.303571
0.990179 0.241667
0.830357 0.735714
0.117857 0.153571
0.018750 0.135714
0.163393 0.186905
0.079464 0.147619
0.915179 0.109524
0.462500 0.367857
0.122321 0.245238
0.780357 0.015476
0.900893 0.007143
0.760714 0.076190
0.528571 0.241667
0.150893 0.092857
0.476786 0.165476
0.362500 0.853571
0.961607 0.952381
0.668750 0.029762
0.156250 0.102381
0.291964 0.355952
0.089286 0.825000
0.174107 0.397619
0.079464 0.558333
0.851786 0.495238
0.164286 0.721429
0.750893 0.547619
0.774107 0.997619
0.587500 0.434524
0.516071 0.346429
0.730357 0.434524
0.595536 0.021429
0.716964 0.002381
0.981250 0.036905
0.369643 0.527381
0.131250 0.211905
0.870536 0.069048
0.101786 0.314286
0.085714 0.778571
0.432143 0.051190
0.350000 0.315476
0.915179 0.514286
0.760714 0.309524
0.669643 0.497619
0.703571 0.361905
0.805357 0.172619
0.281250 0.595238
0.263393 0.396429
0.585714 0.302381
0.380357 0.603571
0.085714 0.059524
0.584821 0.277381
0.813393 0.222619
0.558929 0.428571
0.850893 0.161905
0.154464 0.020238
0.298214 0.069048
0.708036 0.114286
0.610714 0.288095
0.956250 0.095238
0.932143 0.383333
0.176786 0.032143
0.971429 0.182143
0.469643 0.455952
0.495536 0.329762
0.322321 0.561905
0.913393 0.954762
0.084821 0.025000
0.954464 0.070238
0.817857 0.141667
0.165179 0.563095
0.205357 0.080952
0.058036 0.160714
0.361607 0.050000
0.825893 0.030952
0.306250 0.069048
0.335714 0.530952
0.729464 0.358333
0.701786 0.452381
0.465179 0.959524
0.641964 0.840476
0.673214 0.328571
0.008036 0.535714
0.200893 0.265476
0.667857 0.166667
0.973214 0.353571
0.790179 0.960714
0.155357 0.586905
0.755357 0.963095
0.801786 0.369048
0.678571 0.104762
0.760714 0.010714
0.480357 0.260714
0.127679 0.414286
0.542857 0.085714
0.010714 0.357143
0.894643 0.114286
0.271429 0.807143
0.933929 0.507143
0.283036 0.864286
0.810714 0.767857
0.876786 0.676190
0.695536 0.392857
0.755357 0.150000
0.791071 0.210714
0.859821 0.073810
0.085714 0.090476
0.266071 0.634524
0.159821 0.360714
0.389286 0.541667
0.886607 0.080952
0.810714 0.067857
0.455357 0.696429
0.324107 0.975000
0.637500 0.370238
0.619643 0.438095
0.352679 0.205952
0.653571 0.269048
0.864286 0.282143
0.689286 0.021429
0.857143 0.184524
0.345536 0.339286
0.740179 0.198810
0.837500 0.992857
0.266071 0.007143
0.359821 0.402381
0.207143 0.020238
0.650893 0.072619
0.325000 0.139286
0.146429 0.326190
0.384821 0.211905
0.658929 0.765476
0.841071 0.092857
0.742857 0.792857
0.605357 0.191667
0.688393 0.188095
0.944643 0.645238
0.615179 0.502381
0.549107 0.328571
0.134821 0.439286
0.376786 0.315476
0.958929 0.013095
0.623214 0.825000
0.420536 0.030952
0.909821 0.865476
0.128571 0.348810
0.006250 0.050000
0.115179 0.377381
0.957143 0.173810
0.771429 0.142857
0.796429 0.434524
0.228571 0.215476
0.803571 0.335714
0.854464 0.030952
0.821429 0.516667
0.653571 0.014286
0.201786 0.927381
0.055357 0.677381
0.602679 0.976190
0.171429 0.260714
0.458036 0.076190
0.970536 0.111905
0.424107 0.238095
0.934821 0.045238
0.686607 0.116667
0.137500 0.021429
0.192857 0.107143
0.119643 0.339286
0.091964 0.548810
0.275893 0.169048
0.841964 0.195238
0.152679 0.430952
0.551786 0.365476
0.916071 0.005952
0.310714 0.257143
0.524107 0.286905
0.660714 0.289286
0.247321 0.470238
0.125000 0.941667
0.285714 0.461905
0.586607 0.407143
0.936607 0.079762
0.014286 0.403571
0.185714 0.025000
0.265179 0.290476
0.389286 0.185714
0.262500 0.511905
0.684821 0.521429
0.585714 0.109524
0.663393 0.201190
0.408036 0.223810
0.192857 0.388095
0.144643 0.810714
0.518750 0.129762
0.749107 0.129762
0.732143 0.008333
0.906250 0.730952
0.977679 0.117857
0.598214 0.263095
0.959821 0.259524
0.255357 0.048810
0.437500 0.628571
0.083929 0.338095
0.364286 0.610714
0.593750 0.348810
0.483929 0.427381
0.957143 0.327381
0.212500 0.153571
0.208036 0.205952
0.385714 0.141667
0.216964 0.833333
0.811607 0.160714
0.170536 0.217857
0.891071 0.536905
0.766964 0.472619
0.617857 0.619048
0.813393 0.002381
0.222321 0.132143
0.324107 0.097619
0.566071 0.678571
0.758036 0.703571
0.316071 0.414286
0.184821 0.752381
0.729464 0.394048
0.772321 0.165476
0.798214 0.467857
0.950000 0.272619
0.948214 0.145238
0.993750 0.455952
0.756250 0.047619
0.935714 0.482143
0.363393 0.804762
0.924107 0.025000
0.121429 0.289286
0.130357 0.228571
0.942857 0.846429
0.863393 0.016667
0.232143 0.871429
0.416071 0.010714
0.538393 0.271429
0.047321 0.051190
0.410714 0.191667
0.076786 0.057143
0.068750 0.091667
0.557143 0.227381
0.937500 0.157143
0.373214 0.676190
0.370536 0.098810
0.325000 0.611905
0.101786 0.080952
0.083929 0.275000
0.164286 0.022619
0.142857 0.073810
0.258036 0.110714
0.413393 0.244048
0.252679 0.350000
0.349107 0.689286
0.550893 0.930952
0.601786 0.133333
0.176786 0.101190
0.189286 0.351190
0.880357 0.440476
0.807143 0.120238
0.166071 0.047619
0.309821 0.323810
0.248214 0.261905
0.199107 0.588095
0.866071 0.582143
0.998214 0.680952
0.539286 0.361905
0.875000 0.407143
0.604464 0.014286
0.938393 0.578571
0.433929 0.014286
0.662500 0.350000
0.284821 0.222619
0.895536 0.560714
0.640179 0.572619
0.746429 0.333333
0.302679 0.421429
0.770536 0.189286
0.600893 0.078571
0.965179 0.383333
0.828571 0.238095
0.222321 0.025000
0.438393 0.038095
0.340179 0.239286
0.193750 0.029762
0.707143 0.053571
0.764286 0.289286
0.442857 0.098810
0.164286 0.110714
0.316964 0.445238
0.225000 0.625000
0.821429 0.109524
0.068750 0.173810
0.232143 0.101190
0.827679 0.297619
0.825893 0.178571
0.681250 0.429762
0.208929 0.433333
0.129464 0.048810
0.300000 0.307143
0.760714 0.377381
0.057143 0.225000
0.807143 0.029762
0.805357 0.484524
0.358036 0.163095
0.680357 0.986905
0.854464 0.948810
0.709821 0.004762
0.281250 0.252381
0.855357 0.220238
0.142857 0.284524
0.435714 0.533333
0.163393 0.078571
0.303571 0.102381
0.473214 0.010714
0.501786 0.363095
0.321429 0.072619
0.332143 0.483333
0.895536 0.413095
0.566964 0.090476
0.737500 0.496429
0.088393 0.450000
0.833929 0.673810
0.958929 0.225000
0.867857 0.030952
0.151786 0.159524
0.131250 0.008333
0.373214 0.123810
0.200000 0.097619
0.623214 0.340476
0.220536 0.291667
0.690179 0.479762
0.930357 0.251190
0.916071 0.365476
0.716071 0.076190
0.933929 0.092857
0.699107 0.254762
0.533036 0.346429
0.255357 0.160714
0.433036 0.413095
0.383036 0.166667
0.908929 0.030952
0.336607 0.657143
0.683036 0.172619
0.083929 0.500000
0.296429 0.252381
0.268750 0.096429
0.844643 0.476190
0.704464 0.022619
0.278571 0.207143
0.711607 0.222619
0.854464 0.278571
0.568750 0.004762
0.003571 0.265476
0.326786 0.007143
0.128571 0.458333
0.295536 0.092857
0.010714 0.425000
0.797321 0.714286
0.908036 0.170238
0.650893 0.373810
0.784821 0.295238
0.914286 0.309524
0.954464 0.033333
0.039286 0.950000
0.246429 0.511905
0.602679 0.657143
0.874107 0.477381
0.100893 0.470238
0.717857 0.121429
0.142857 0.126190
0.593750 0.738095
0.164286 0.309524
0.386607 0.113095
0.253571 0.063095
0.650893 0.236905
0.575000 0.372619
0.505357 0.923810
0.633036 0.722619
0.429464 0.325000
0.600000 0.034524
0.124107 0.116667
0.460714 0.059524
0.416964 0.585714
0.783036 0.155952
0.876786 0.784524
0.843750 0.008333
0.449107 0.157143
0.104464 0.275000
0.292857 0.170238
0.086607 0.147619
0.110714 0.859524
0.873214 0.721429
0.967857 0.165476
0.233036 0.089286
0.052679 0.405952
0.252679 0.302381
0.890179 0.352381
0.810714 0.084524
0.731250 0.300000
0.631250 0.305952
0.840179 0.175000
0.313393 0.108333
0.011607 0.313095
0.927679 0.134524
0.869643 0.125000
0.987500 0.279762
0.365179 0.105952
0.298214 0.121429
0.671429 0.248810
0.762500 0.415476
0.899107 0.175000
0.025893 0.464286
0.978571 0.058333
0.280357 0.094048
0.331250 0.088095
0.472321 0.488095
0.825000 0.539286
0.049107 0.645238
0.973214 0.815476
0.406250 0.260714
0.363393 0.480952
0.502679 0.016667
0.816964 0.103571
0.750893 0.177381
0.800893 0.114286
0.091964 0.005952
0.016964 0.180952
0.390179 0.033333
0.787500 0.410714
0.253571 0.445238
0.333036 0.509524
0.181250 0.513095
0.025000 0.177381
0.668750 0.264286
0.604464 0.002381
0.320536 0.040476
0.905357 0.483333
0.246429 0.060714
0.726786 0.997619
0.558929 0.660714
0.787500 0.045238
0.627679 0.015476
0.824107 0.646429
0.516964 0.223810
0.723214 0.080952
0.755357 0.457143
0.964286 0.564286
0.466964 0.028571
0.400893 0.638095
0.016964 0.629762
0.517857 0.050000
0.992857 0.057143
0.017857 0.114286
0.733036 0.133333
0.863393 0.144048
0.594643 0.226190
0.466964 0.107143
0.361607 0.079762
0.338393 0.065476
0.886607 0.273810
0.583036 0.246429
0.533929 0.148810
0.427679 0.077381
0.395536 0.344048
0.116071 0.027381
0.616071 0.036905
0.093750 0.095238
0.108036 0.110714
0.297321 0.396429
0.060714 0.340476
0.077679 0.088095
0.586607 0.636905
0.873214 0.361905
0.833929 0.179762
0.031250 0.101190
0.308036 0.016667
0.044643 0.476190
0.833929 0.441667
0.431250 0.063095
0.254464 0.210714
0.522321 0.104762
0.569643 0.522619
0.700893 0.546429
0.427679 0.375000
0.646429 0.096429
0.697321 0.167857
0.558036 0.267857
0.631250 0.088095
0.822321 0.013095
0.503571 0.415476
0.191964 0.135714
0.043750 0.704762
0.625893 0.273810
0.607143 0.471429
0.289286 0.326190
0.933036 0.439286
0.880357 0.234524
0.244643 0.071429
0.178571 0.865476
0.450000 0.605952
0.560714 0.148810
0.311607 0.046429
0.696429 0.198810
0.418750 0.534524
0.609821 0.257143
0.389286 0.328571
0.270536 0.258333
0.167857 0.170238
0.368750 0.578571
0.901786 0.150000
0.338393 0.207143
0.711607 0.258333
0.703571 0.629762
0.666964 0.471429
0.171429 0.195238
0.639286 0.336905
0.208036 0.008333
0.183929 0.475000
0.647321 0.053571
0.043750 0.170238
0.234821 0.488095
0.994643 0.172619
0.687500 0.007143
0.615179 0.186905
0.285714 0.145238
0.033929 0.507143
0.703571 0.210714
0.352679 0.028571
0.557143 0.286905
0.543750 0.297619
0.840179 0.221429
0.239286 0.341667
0.008036 0.685714
0.800893 0.522619
0.663393 0.072619
0.821429 0.073810
0.179464 0.250000
0.741071 0.289286
0.316964 0.221429
0.458036 0.251190
0.371429 0.207143
0.722321 0.515476
0.870536 0.904762
0.779464 0.492857
0.090179 0.113095
0.335714 0.358333
0.879464 0.840476
0.833036 0.260714
0.060714 0.944048
0.580357 0.178571
0.730357 0.205952
0.636607 0.032143
0.934821 0.111905
0.533929 0.132143
0.029464 0.152381
0.283929 0.025000
0.609821 0.036905
0.704464 0.309524
0.183929 0.097619
0.515179 0.440476
0.241071 0.221429
0.318750 0.010714
0.913393 0.211905
0.842857 0.778571
0.969643 0.520238
0.490179 0.271429
0.882143 0.120238
0.421429 0.925000
0.013393 0.940476
0.137500 0.703571
0.715179 0.558333
0.749107 0.403571
0.937500 0.288095
0.222321 0.048810
0.639286 0.292857
0.476786 0.103571
0.458929 0.129762
0.558036 0.108333
0.927679 0.559524
0.978571 0.473810
0.800893 0.196429
0.049107 0.086905
0.362500 0.286905
0.113393 0.351190
0.097321 0.896429
0.818750 0.275000
0.402679 0.758333
0.440179 0.761905
0.353571 0.742857
0.894643 0.135714
0.009821 0.991667
0.141964 0.997619
0.072321 0.601190
0.982143 0.159524
0.741964 0.921429
0.224107 0.035714
0.882143 0.307143
0.601786 0.103571
0.932143 0.205952
0.869643 0.148810
0.957143 0.145238
0.343750 0.391667
0.208929 0.382143
0.886607 0.376190
0.010714 0.479762
0.119643 0.613095
0.960714 0.738095
0.970536 0.590476
0.754464 0.016667
0.627679 0.146429
0.189286 0.047619
0.266964 0.035714
0.444643 0.128571
0.060714 0.984524
0.587500 0.315476
0.531250 0.521429
0.838393 0.117857
0.458929 0.435714
0.196429 0.698810
0.674107 0.816667
0.434821 0.147619
0.750893 0.209524
0.459821 0.014286
0.740179 0.005952
0.543750 0.258333
0.503571 0.105952
0.083929 0.105952
0.959821 0.545238
0.770536 0.611905
0.633929 0.466667
0.862500 0.053571
0.005357 0.182143
0.226786 0.066667
0.779464 0.394048
0.127679 0.100000
0.127679 0.755952
0.962500 0.110714
0.290179 0.533333
0.355357 0.129762
0.134821 0.490476
0.596429 0.378571
0.407143 0.127381
0.208929 0.286905
0.994643 0.533333
0.228571 0.409524
0.858036 0.120238
0.064286 0.420238
0.312500 0.158333
0.138393 0.097619
0.346429 0.014286
0.805357 0.610714
0.385714 0.263095
0.470536 0.383333
0.845536 0.676190
0.241964 0.180952
0.649107 0.305952
0.050000 0.334524
0.526786 0.436905
0.153571 0.289286
0.309821 0.027381
0.444643 0.015476
0.972321 0.647619
0.669643 0.565476
0.471429 0.085714
0.881250 0.582143
0.137500 0.171429
0.636607 0.242857
0.987500 0.330952
0.693750 0.842857
0.516964 0.705952
0.252679 0.090476
0.766964 0.021429
0.930357 0.069048
0.656250 0.100000
0.839286 0.055952
0.457143 0.523810
0.921429 0.044048
0.448214 0.307143
0.237500 0.032143
0.727679 0.265476
0.780357 0.253571
0.974107 0.403571
0.708929 0.035714
0.380357 0.403571
0.343750 0.033333
0.480357 0.342857
0.605357 0.214286
0.658036 0.390476
0.014286 0.028571
0.657143 0.142857
0.083036 0.505952
0.423214 0.504762
0.604464 0.234524
0.619643 0.222619
0.623214 0.125000
0.450000 0.838095
0.193750 0.090476
0.308036 0.758333
0.708036 0.333333
0.928571 0.800000
0.114286 0.216667
0.652679 0.183333
0.844643 0.352381
0.691071 0.039286
0.766071 0.221429
0.595536 0.063095
0.275000 0.017857
0.161607 0.057143
0.522321 0.234524
0.741964 0.451190
0.163393 0.503571
0.629464 0.034524
0.029464 0.402381
0.490179 0.345238
0.248214 0.797619
0.924107 0.757143
0.685714 0.092857
0.901786 0.389286
0.622321 0.088095
0.817857 0.421429
0.066071 0.136905
0.573214 0.719048
0.664286 0.129762
0.175000 0.142857
0.226786 0.733333
0.156250 0.136905
0.551786 0.392857
0.238393 0.130952
0.685714 0.145238
0.947321 0.329762
0.844643 0.077381
0.648214 0.216667
0.637500 0.052381
0.502679 0.470238
0.086607 0.400000
0.374107 0.345238
0.050893 0.151190
0.557143 0.450000
0.846429 0.133333
0.254464 0.238095
0.865179 0.347619
0.937500 0.353571
0.903571 0.084524
0.917857 0.061905
0.603571 0.340476
0.905357 0.050000
0.793750 0.138095
0.119643 0.076190
0.387500 0.451190
0.570536 0.229762
0.635714 0.266667
0.445536 0.663095
0.454464 0.008333
0.994643 0.209524
0.801786 0.065476
0.885714 0.975000
0.685714 0.266667
0.969643 0.076190
0.588393 0.139286
0.078571 0.646429
0.595536 0.045238
0.480357 0.188095
0.083929 0.617857
0.216964 0.351190
0.428571 0.565476
0.323214 0.728571
0.434821 0.278571
0.999107 0.794048
0.622321 0.023810
0.630357 0.201190
0.527679 0.270238
0.222321 0.186905
0.028571 0.263095
0.254464 0.198810
0.692857 0.605952
0.146429 0.363095
0.251786 0.615476
0.967857 0.322619
0.130357 0.155952
0.101786 0.028571
0.779464 0.411905
0.609821 0.361905
0.961607 0.194048
0.325893 0.263095
0.133036 0.525000
0.363393 0.146429
0.995536 0.345238
0.245536 0.414286
0.323214 0.805952
0.859821 0.636905
0.981250 0.252381
0.224107 0.557143
0.504464 0.272619
0.267857 0.110714
0.971429 0.905952
0.072321 0.040476
0.421429 0.696429
0.150000 0.530952
0.464286 0.314286
0.524107 0.139286
0.091071 0.045238
0.757143 0.067857
0.731250 0.610714
0.908036 0.653571
0.711607 0.382143
0.130357 0.313095
0.075000 0.691667
0.655357 0.320238
0.372321 0.067857
0.019643 0.779762
0.941964 0.214286
0.291071 0.005952
0.552679 0.011905
0.637500 0.135714
0.440179 0.197619
0.508929 0.230952
0.633036 0.005952
0.075893 0.191667
0.407143 0.026190
0.666964 0.146429
0.441071 0.075000
0.057143 0.863095
0.769643 0.516667
0.276786 0.709524
0.106250 0.172619
0.264286 0.985714
0.975893 0.235714
0.845536 0.038095
0.732143 0.857143
0.900893 0.325000
0.575000 0.142857
0.887500 0.290476
0.745536 0.276190
0.925000 0.420238
0.174107 0.333333
0.108929 0.330952
0.427679 0.830952
0.857143 0.545238
0.770536 0.234524
0.678571 0.358333
0.719643 0.041667
0.861607 0.234524
0.062500 0.258333
0.308929 0.136905
0.250893 0.654762
0.461607 0.100000
0.484821 0.545238
0.727679 0.044048
0.797321 0.028571
0.836607 0.034524
0.349107 0.096429
0.264286 0.196429
0.032143 0.819048
0.818750 0.370238
0.057143 0.011905
0.855357 0.373810
0.905357 0.440476
0.947321 0.016667
0.055357 0.445238
0.472321 0.703571
0.621429 0.407143
0.095536 0.185714
0.601786 0.303571
0.873214 0.104762
0.933036 0.225000
0.543750 0.117857
0.067857 0.059524
0.375000 0.426190
0.833036 0.195238
0.665179 0.411905
0.783929 0.173810
0.258036 0.676190
0.146429 0.469048
0.661607 0.020238
0.725000 0.003571
0.450000 0.055952
0.666964 0.101190
0.084821 0.376190
0.261607 0.316667
0.183929 0.186905
0.179464 0.126190
0.395536 0.090476
0.415179 0.420238
0.108036 0.251190
0.950893 0.114286
0.458036 0.491667
0.179464 0.073810
0.230357 0.048810
0.225000 0.252381
0.093750 0.267857
