0.380259 0.258537
0.576052 0.258537
0.043689 0.719512
0.085761 0.231707
0.313916 0.202439
0.156958 0.234146
0.902913 0.224390
0.195793 0.175610
0.268608 0.126829
0.320388 0.139024
0.236246 0.253659
0.134304 0.160976
0.938511 0.343902
0.067961 0.502439
0.398058 0.260976
0.134304 0.263415
0.383495 0.234146
0.101942 0.243902
0.300971 0.348780
0.171521 0.365854
0.278317 0.358537
0.187702 0.300000
0.050162 0.209756
0.783172 0.241463
0.970874 0.090244
0.200647 0.119512
0.111650 0.182927
0.537217 0.424390
0.355987 0.609756
0.645631 0.290244
0.179612 0.163415
0.936893 0.226829
0.749191 0.063415
0.284790 0.143902
0.567961 0.329268
0.233010 0.353659
0.386731 0.156098
0.843042 0.200000
0.911003 0.321951
0.508091 0.202439
0.635922 0.348780
0.155340 0.585366
0.033981 0.292683
0.822006 0.251220
0.786408 0.087805
0.289644 0.124390
0.862460 0.119512
0.203883 0.143902
0.351133 0.207317
0.467638 0.202439
0.289644 0.163415
0.300971 0.153659
0.889968 0.243902
0.546926 0.370732
0.576052 0.400000
0.902913 0.070732
0.425566 0.143902
0.228155 0.485366
0.179612 0.195122
0.359223 0.258537
0.331715 0.151220
0.385113 0.204878
0.527508 0.182927
0.891586 0.690244
0.184466 0.143902
0.423948 0.246341
0.794498 0.065854
0.370550 0.456098
0.457929 0.163415
0.223301 0.195122
0.522654 0.241463
0.686084 0.195122
0.276699 0.134146
0.967638 0.236585
0.700647 0.356098
0.150485 0.297561
0.516181 0.165854
0.588997 0.197561
0.555016 0.463415
0.438511 0.319512
0.514563 0.380488
0.152104 0.119512
0.629450 0.192683
0.703883 0.600000
0.677994 0.170732
0.134304 0.192683
0.323625 0.221951
0.156958 0.192683
0.867314 0.197561
0.241100 0.178049
0.733010 0.165854
0.626214 0.148780
0.207120 0.280488
0.453074 0.258537
0.092233 0.385366
0.283172 0.234146
0.414239 0.224390
0.729773 0.309756
0.436893 0.195122
0.255663 0.290244
0.558252 0.668293
0.453074 0.146341
0.663430 0.182927
0.478964 0.180488
0.802589 0.317073
0.610032 0.170732
0.453074 0.475610
0.902913 0.282927
0.122977 0.163415
0.241100 0.370732
0.838188 0.400000
0.639159 0.380488
0.770227 0.253659
0.571197 0.109756
0.168285 0.126829
0.673139 0.202439
0.966019 0.168293
0.367314 0.117073
0.661812 0.197561
0.244337 0.273171
0.406149 0.095122
0.297735 0.134146
0.263754 0.143902
0.184466 0.475610
0.711974 0.236585
0.825243 0.092683
0.417476 0.536585
0.302589 0.224390
0.061489 0.148780
0.097087 0.302439
0.978964 0.812195
0.459547 0.746341
0.351133 0.131707
0.197411 0.224390
0.791262 0.160976
0.975728 0.214634
0.221683 0.214634
0.692557 0.168293
0.779935 0.070732
0.055016 0.221951
0.768608 0.390244
0.978964 0.492683
0.469256 0.241463
0.650485 0.782927
0.553398 0.287805
0.355987 0.158537
0.401294 0.136585
0.333333 0.204878
0.906149 0.500000
0.724919 0.504878
0.487055 0.273171
0.813916 0.090244
0.368932 0.175610
0.834951 0.463415
0.119741 0.375610
0.079288 0.202439
0.166667 0.329268
0.318770 0.119512
0.252427 0.197561
0.220065 0.095122
0.749191 0.202439
0.854369 0.224390
0.665049 0.239024
0.163430 0.156098
0.915858 0.414634
0.859223 0.173171
0.401294 0.224390
0.551780 0.202439
0.663430 0.429268
0.836570 0.726829
0.234628 0.504878
0.601942 0.185366
0.211974 0.119512
0.292880 0.182927
0.817152 0.373171
0.370550 0.368293
0.300971 0.448780
0.449838 0.109756
0.051780 0.248780
0.902913 0.121951
0.118123 0.243902
0.448220 0.209756
0.611650 0.402439
0.085761 0.260976
0.438511 0.412195
0.242718 0.131707
0.165049 0.114634
0.681230 0.392683
0.045307 0.378049
0.003236 0.351220
0.050162 0.290244
0.833333 0.102439
0.436893 0.253659
0.543689 0.243902
0.208738 0.258537
0.040453 0.224390
0.491909 0.185366
0.174757 0.214634
0.794498 0.363415
0.637540 0.260976
0.605178 0.248780
0.427184 0.204878
0.509709 0.124390
0.355987 0.121951
0.250809 0.160976
0.448220 0.348780
0.567961 0.214634
0.257282 0.229268
0.085761 0.678049
0.880259 0.119512
0.695793 0.221951
0.608414 0.204878
0.139159 0.521951
0.875405 0.290244
0.341424 0.268293
0.339806 0.129268
0.466019 0.346341
0.252427 0.329268
0.839806 0.078049
0.482201 0.224390
0.404531 0.158537
0.551780 0.173171
0.849515 0.948780
0.610032 0.741463
0.881877 0.239024
0.176375 0.426829
0.773463 0.300000
0.004854 0.251220
0.867314 0.073171
0.317152 0.256098
0.042071 0.541463
0.106796 0.319512
0.391586 0.336585
0.105178 0.934146
0.399676 0.197561
0.825243 0.190244
0.540453 0.278049
0.266990 0.200000
0.495146 0.246341
0.370550 0.231707
0.145631 0.190244
0.318770 0.158537
0.330097 0.443902
0.891586 0.207317
0.813916 0.285366
0.778317 0.434146
0.338188 0.343902
0.493528 0.317073
0.110032 0.163415
0.289644 0.273171
0.241100 0.153659
0.948220 0.119512
0.822006 0.160976
0.106796 0.273171
0.090615 0.163415
0.713592 0.331707
0.268608 0.695122
0.148867 0.139024
0.990291 0.612195
0.417476 0.117073
0.537217 0.214634
0.637540 0.312195
0.472492 0.158537
0.166667 0.300000
0.155340 0.170732
0.241100 0.092683
0.344660 0.156098
0.229773 0.143902
0.250809 0.243902
0.868932 0.358537
0.396440 0.102439
0.708738 0.190244
0.330097 0.119512
0.401294 0.178049
0.673139 0.256098
0.627832 0.221951
0.024272 0.204878
0.961165 0.073171
0.354369 0.958537
0.530744 0.880488
0.938511 0.390244
0.561489 0.246341
0.181230 0.104878
0.504854 0.231707
0.218447 0.163415
0.433657 0.160976
0.265372 0.434146
0.800971 0.256098
0.723301 0.095122
0.003236 0.195122
0.367314 0.160976
0.457929 0.192683
0.046926 0.356098
0.187702 0.260976
0.169903 0.185366
0.580906 0.534146
0.375405 0.095122
0.622977 0.929268
0.207120 0.319512
0.362460 0.536585
0.584142 0.570732
0.718447 0.258537
0.325243 0.300000
