0.416377 0.490017
0.448495 0.409288
0.525463 0.482639
0.794850 0.546007
0.527488 0.220920
0.339410 0.392795
0.238137 0.349826
0.264178 0.531250
0.891782 0.942708
0.636574 0.218316
0.788194 0.949653
0.576389 0.490451
0.374132 0.392361
0.251447 0.576823
0.009549 0.266927
0.840278 0.873264
0.791956 0.477431
0.378472 0.414931
0.816840 0.498264
0.602720 0.222656
0.217593 0.493056
0.177951 0.484375
0.119502 0.546007
0.452257 0.388889
0.132523 0.705295
0.609954 0.210069
0.179688 0.246962
0.602431 0.657118
0.268229 0.251302
0.311921 0.338976
0.206887 0.503906
0.819155 0.971788
0.828414 0.820747
0.860532 0.819878
0.523727 0.439236
0.711516 0.497396
0.433738 0.427951
0.309028 0.234375
0.731771 0.489149
0.302662 0.730903
0.418692 0.374132
0.510706 0.471354
0.346354 0.325955
0.441262 0.419271
0.242477 0.726997
0.709780 0.575087
0.085359 0.255208
0.318576 0.461372
0.426505 0.231337
0.765625 0.451389
0.193576 0.536892
0.342303 0.242188
0.343171 0.644531
0.436053 0.230469
0.632812 0.207899
0.245370 0.238281
0.237269 0.409722
0.270255 0.473090
0.383970 0.405382
0.593171 0.443142
0.573785 0.681858
0.555266 0.475260
0.131655 0.677951
0.395833 0.407986
0.725405 0.217882
0.417824 0.913628
0.179109 0.561198
0.397280 0.490451
0.690104 0.875000
0.873553 0.520399
0.505208 0.228733
0.614294 0.461372
0.690394 0.220920
0.375289 0.370660
0.405671 0.253472
0.891204 0.202691
0.656539 0.870226
0.400463 0.462674
0.841725 0.552951
0.413773 0.624566
0.047164 0.234375
0.270544 0.434462
0.713831 0.470052
0.529803 0.723090
0.421875 0.245226
0.434896 0.252604
0.358796 0.686198
0.610243 0.439670
0.369792 0.592448
0.709491 0.463542
0.241030 0.843750
0.838831 0.920573
0.843461 0.497396
0.587674 0.482639
0.653356 0.439670
0.411169 0.423611
0.138889 0.525174
0.497396 0.737847
0.745949 0.217014
0.372975 0.383247
0.347222 0.379774
0.270255 0.286458
0.388600 0.376302
0.651042 0.638889
0.246238 0.244358
0.415509 0.368056
0.077257 0.720052
0.420718 0.254340
0.387731 0.657118
0.490741 0.223524
0.279803 0.484375
0.513310 0.230903
0.399884 0.388455
0.382812 0.432292
0.827546 0.465712
0.736690 0.578993
0.602720 0.672309
0.502315 0.880642
0.411458 0.399306
0.665509 0.627604
0.763889 0.886719
0.204282 0.254340
0.563368 0.690972
0.132523 0.545139
0.275752 0.239583
0.371817 0.370226
0.184606 0.607639
0.025463 0.244792
0.314815 0.394531
0.515046 0.227431
0.253472 0.690538
0.445891 0.416233
0.209491 0.252604
0.574074 0.666667
0.794271 0.453559
0.706019 0.601128
0.195891 0.558594
0.660590 0.636719
0.356771 0.741319
0.237558 0.600260
0.754340 0.782118
0.441262 0.228733
0.620949 0.214844
0.438657 0.374132
0.333912 0.237847
0.445602 0.243490
0.385417 0.424479
0.677083 0.454861
0.303819 0.912326
0.748264 0.463976
0.919560 0.530816
0.106192 0.262587
0.375579 0.649740
0.674190 0.481337
0.347801 0.243924
0.435764 0.430990
0.559317 0.710069
0.253762 0.489149
0.440683 0.253472
0.527488 0.229601
0.241030 0.243056
0.547743 0.678385
0.725984 0.468750
0.630787 0.648003
0.436053 0.485243
0.840278 0.193142
0.357060 0.441840
0.585938 0.423177
0.881076 0.541667
0.102431 0.675781
0.271123 0.588108
0.214988 0.243924
0.243634 0.542969
0.355324 0.242188
0.562211 0.218750
0.394965 0.384549
0.414641 0.440972
0.389468 0.461372
0.700810 0.207031
0.375289 0.240885
0.364294 0.240885
0.455729 0.233073
0.366319 0.915365
0.482060 0.476997
0.769387 0.474826
0.602720 0.439236
0.496238 0.759115
0.258681 0.303819
0.420139 0.405382
0.243634 0.304253
0.090567 0.744792
0.387153 0.447917
0.516204 0.487847
0.718750 0.501302
0.808449 0.450521
0.587963 0.223524
0.608796 0.472656
0.341725 0.350694
0.649306 0.456163
0.432581 0.392795
0.503183 0.753906
0.469618 0.234375
0.404803 0.233507
0.727720 0.459635
0.686632 0.467448
0.789352 0.197483
0.404803 0.861545
0.488426 0.234809
0.539931 0.227431
0.409433 0.443142
0.431713 0.405816
0.116030 0.247830
0.264468 0.346354
0.160880 0.519531
0.183160 0.504774
0.542535 0.470052
0.776910 0.553819
0.248843 0.673611
0.589699 0.457899
0.392072 0.245660
0.440394 0.392361
0.448785 0.427083
0.329572 0.250000
0.402199 0.427517
0.833623 0.511285
0.148727 0.235677
0.120949 0.243056
0.384259 0.382812
0.408854 0.382378
0.430845 0.418403
0.401910 0.399306
0.432292 0.467448
0.588831 0.678385
0.402488 0.413194
0.495370 0.223524
0.129051 0.641927
0.654225 0.484375
0.594907 0.477431
0.757812 0.490451
0.365162 0.555556
0.788773 0.553819
0.418113 0.230903
0.264757 0.265625
0.401331 0.372396
0.628183 0.464844
0.713831 0.456597
0.568866 0.457899
0.260995 0.246094
0.196181 0.247830
0.561343 0.422743
0.600116 0.421441
0.789352 0.497830
0.217882 0.472222
0.684028 0.443142
0.276331 0.410590
0.433738 0.398872
0.559896 0.462240
0.537905 0.691840
0.245660 0.283854
0.635706 0.484809
0.370370 0.634549
0.687211 0.485243
0.195602 0.254774
0.796586 0.489583
0.171875 0.826389
0.548032 0.726128
0.538194 0.972222
0.067130 0.834635
0.299479 0.242622
0.372685 0.878038
0.431134 0.231771
0.533854 0.224392
0.425926 0.432726
0.429109 0.383247
0.535880 0.728733
0.824653 0.187066
0.647280 0.930990
0.310185 0.254340
0.162905 0.562066
0.378183 0.375000
0.317419 0.236545
0.447917 0.397135
0.681424 0.474392
0.841725 0.442274
0.480613 0.470052
0.420718 0.394097
0.237269 0.371528
0.337674 0.299479
0.445891 0.232205
0.102720 0.788628
0.164641 0.492622
0.486690 0.452257
0.818866 0.802083
0.271123 0.316840
0.432870 0.372830
0.593750 0.226562
0.482639 0.430990
0.236400 0.236545
0.740741 0.495226
0.364873 0.646701
0.479456 0.231771
0.337095 0.332465
0.546007 0.478299
0.774306 0.502604
0.843171 0.457465
0.123264 0.519965
0.661169 0.456597
0.442419 0.408420
0.160301 0.763889
0.321181 0.437500
0.617188 0.893663
0.232060 0.243490
0.863715 0.501302
0.198206 0.510851
0.865741 0.185764
0.926794 0.184462
0.460938 0.235677
0.557002 0.220052
0.423900 0.420139
0.901042 0.200521
0.824074 0.492622
0.078125 0.876736
0.392072 0.399306
0.541667 0.462674
0.398438 0.237413
0.619213 0.476128
0.574653 0.448351
0.638600 0.454427
0.158854 0.636719
0.630498 0.441406
0.398148 0.422309
0.140336 0.601562
