0.528646 0.282308
0.923958 0.333077
0.741146 0.284615
0.910937 0.296923
0.963021 0.315385
0.771354 0.299231
0.988021 0.311538
0.692187 0.297692
0.501563 0.382308
0.442708 0.405385
0.398438 0.306923
0.620833 0.337692
0.504687 0.308462
0.530729 0.304615
0.455729 0.303077
0.607292 0.280769
0.496875 0.293077
0.414583 0.296923
0.436458 0.344615
0.669792 0.286923
0.709896 0.345385
0.837500 0.288462
0.795833 0.312308
0.652083 0.289231
0.767708 0.318462
0.726042 0.294615
0.572396 0.288462
0.495312 0.336154
0.606250 0.306154
0.708854 0.281538
0.360417 0.304615
0.788021 0.287692
0.631250 0.300769
0.810417 0.291538
0.989062 0.342308
0.483333 0.305385
0.711979 0.303846
0.474479 0.305385
0.379688 0.303846
0.847917 0.301538
0.746354 0.300769
0.565625 0.283846
0.646354 0.306154
0.880208 0.304615
0.591667 0.297692
0.883333 0.343077
0.994792 0.263077
0.108333 0.240000
0.939583 0.240000
0.673958 0.303077
0.832292 0.415385
0.423438 0.303846
