0.990610 0.675000
0.420188 0.506250
0.896714 0.387500
0.422535 0.725000
0.002347 0.908333
0.983568 0.452083
0.295775 0.754167
0.239437 0.531250
0.805164 0.650000
0.990610 0.516667
0.413146 0.875000
0.856808 0.360417
0.809859 0.402083
0.413146 0.600000
0.586854 0.870833
0.395540 0.591667
0.868545 0.408333
0.210094 0.725000
0.699531 0.693750
0.836854 0.566667
0.471831 0.681250
0.889671 0.933333
0.680751 0.770833
0.314554 0.647917
0.544601 0.597917
0.514085 0.575000
0.658451 0.587500
0.200704 0.852083
0.435446 0.829167
0.311033 0.810417
0.870892 0.383333
0.717136 0.535417
0.863850 0.864583
0.298122 0.862500
0.784038 0.395833
0.545775 0.400000
0.751174 0.429167
0.974178 0.560417
0.374413 0.925000
0.262911 0.862500
0.985915 0.560417
0.318075 0.879167
0.454225 0.656250
0.264085 0.597917
0.272300 0.714583
0.740610 0.704167
0.426056 0.954167
0.827465 0.518750
0.819249 0.550000
0.970657 0.445833
0.674883 0.733333
0.696009 0.870833
0.852113 0.679167
0.453052 0.687500
0.200704 0.733333
0.706573 0.837500
0.429577 0.658333
0.798122 0.766667
0.643192 0.654167
0.859155 0.741667
0.103286 0.735417
0.610329 0.706250
0.377934 0.587500
0.884977 0.702083
0.462441 0.504167
0.233568 0.616667
0.422535 0.539583
0.332160 0.150000
0.065728 0.820833
0.481221 0.495833
0.578638 0.560417
0.792254 0.350000
0.323944 0.437500
0.910798 0.404167
0.773474 0.637500
0.846244 0.447917
0.730047 0.502083
0.198357 0.766667
0.600939 0.606250
0.353286 0.852083
0.024648 0.827083
0.983568 0.795833
0.873239 0.695833
0.163146 0.972917
0.745305 0.575000
0.868545 0.441667
0.201878 0.450000
0.526995 0.718750
0.556338 0.589583
0.584507 0.643750
0.833333 0.862500
0.664319 0.850000
0.985915 0.427083
0.118545 0.718750
0.651408 0.593750
0.908451 0.756250
0.732394 0.383333
0.748826 0.385417
0.577465 0.670833
0.286385 0.691667
0.857981 0.383333
0.757042 0.383333
0.099765 0.562500
0.204225 0.508333
0.483568 0.564583
0.501174 0.670833
0.161972 0.666667
0.840376 0.520833
0.674883 0.875000
0.612676 0.572917
0.798122 0.787500
0.887324 0.816667
0.816901 0.829167
0.821596 0.377083
0.507042 0.716667
0.387324 0.589583
0.496479 0.627083
0.889671 0.895833
0.674883 0.639583
0.685446 0.822917
0.691315 0.975000
0.300469 0.827083
0.354460 0.583333
0.176056 0.672917
0.200704 0.666667
0.332160 0.662500
0.313380 0.737500
0.854460 0.431250
0.380282 0.466667
0.708920 0.758333
0.322770 0.466667
0.586854 0.462500
0.730047 0.825000
0.886150 0.400000
0.593897 0.664583
0.099765 0.897917
0.446009 0.612500
0.380282 0.152083
0.199531 0.579167
0.802817 0.933333
0.125587 0.872917
0.890845 0.300000
0.340376 0.439583
0.669014 0.675000
0.833333 0.922917
0.187793 0.750000
0.125587 0.820833
0.720657 0.693750
0.147887 0.820833
0.751174 0.758333
0.150235 0.406250
0.588028 0.370833
0.428404 0.589583
0.863850 0.654167
0.465962 0.945833
0.260563 0.962500
0.940141 0.718750
0.171362 0.439583
0.192488 0.958333
0.877934 0.556250
0.558685 0.406250
0.687793 0.739583
0.541080 0.737500
0.862676 0.941667
0.734742 0.564583
0.213615 0.966667
0.833333 0.756250
0.241784 0.408333
0.478873 0.714583
0.776995 0.466667
0.467136 0.402083
0.954225 0.718750
0.173709 0.883333
0.225352 0.745833
0.782864 0.879167
0.835681 0.333333
0.359155 0.612500
0.103286 0.683333
0.779343 0.781250
0.570423 0.604167
0.492958 0.558333
0.978873 0.666667
0.881455 0.729167
0.516432 0.741667
0.814554 0.356250
0.565728 0.712500
0.157277 0.406250
0.629108 0.862500
0.483568 0.770833
0.503521 0.741667
0.535211 0.537500
0.698357 0.654167
0.166667 0.720833
0.219484 0.454167
0.840376 0.633333
0.272300 0.937500
0.654930 0.629167
0.861502 0.620833
0.633803 0.727083
0.350939 0.887500
0.341549 0.579167
0.124413 0.420833
0.692488 0.520833
0.855634 0.460417
0.394366 0.466667
0.551643 0.987500
0.438967 0.570833
0.910798 0.710417
0.742958 0.687500
0.672535 0.545833
0.211268 0.454167
0.255869 0.616667
0.951878 0.395833
0.911972 0.564583
0.464789 0.981250
0.789906 0.639583
0.737089 0.520833
0.557512 0.839583
0.386150 0.883333
0.008216 0.716667
0.577465 0.875000
0.664319 0.747917
0.234742 0.502083
0.260563 0.539583
0.738263 0.362500
0.231221 0.687500
0.320423 0.833333
0.308685 0.670833
0.867371 0.883333
0.798122 0.850000
0.793427 0.693750
0.572770 0.645833
0.962441 0.952083
0.154930 0.895833
0.802817 0.395833
0.360329 0.147917
0.375587 0.679167
0.541080 0.985417
0.531690 0.387500
0.449531 0.500000
0.644366 0.508333
0.838028 0.385417
0.727700 0.368750
0.683099 0.941667
0.219484 0.591667
0.613850 0.658333
0.960094 0.700000
0.740610 0.656250
0.399061 0.720833
0.728873 0.927083
0.535211 0.920833
0.799296 0.383333
0.762911 0.777083
0.271127 0.410417
0.629108 0.779167
0.962441 0.397917
0.872066 0.368750
0.760563 0.662500
0.170188 0.483333
0.758216 0.704167
0.356808 0.770833
0.845070 0.335417
0.482394 0.912500
0.906103 0.850000
0.208920 0.595833
0.836854 0.691667
0.859155 0.370833
0.994131 0.733333
0.529343 0.475000
0.239437 0.725000
0.632629 0.450000
0.596244 0.368750
0.866197 0.454167
0.503521 0.975000
0.194836 0.604167
0.962441 0.614583
0.539906 0.720833
0.161972 0.560417
0.894366 0.579167
0.570423 0.987500
0.438967 0.806250
0.931925 0.850000
0.039906 0.900000
0.367371 0.593750
0.334507 0.435417
0.767606 0.687500
0.140845 0.883333
0.524648 0.933333
0.133803 0.670833
0.144366 0.685417
0.776995 0.839583
0.774648 0.766667
0.651408 0.870833
0.356808 0.406250
0.206573 0.620833
0.099765 0.858333
0.440141 0.893750
0.603286 0.852083
0.260563 0.695833
0.801643 0.616667
0.088028 0.804167
0.572770 0.737500
0.659624 0.608333
0.119718 0.666667
0.471831 0.754167
0.973005 0.712500
0.854460 0.325000
0.484742 0.695833
0.821596 0.570833
0.617371 0.610417
0.789906 0.362500
0.185446 0.581250
0.474178 0.566667
0.917840 0.845833
0.669014 0.510417
0.495305 0.708333
0.776995 0.908333
0.643192 0.429167
0.181925 0.404167
0.072770 0.862500
0.936620 0.389583
0.124413 0.627083
0.381455 0.485417
0.227700 0.862500
0.784038 0.670833
0.204225 0.885417
0.761737 0.856250
0.139671 0.743750
0.106808 0.789583
0.683099 0.562500
0.798122 0.485417
0.262911 0.825000
0.194836 0.533333
0.767606 0.981250
0.341549 0.412500
0.379108 0.752083
0.923709 0.568750
