0.311523 0.774306
0.761719 0.746528
0.345703 0.842014
0.727539 0.723958
0.731445 0.743056
0.126953 0.767361
0.109375 0.751736
0.622070 0.732639
0.036133 0.769097
0.011719 0.744792
0.562500 0.753472
0.173828 0.762153
0.541016 0.743056
0.341797 0.755208
0.732422 0.796875
0.560547 0.868056
0.874023 0.750000
0.688477 0.713542
0.900391 0.732639
0.497070 0.798611
0.437500 0.694444
0.281250 0.746528
0.782227 0.737847
0.991211 0.751736
0.989258 0.720486
0.513672 0.739583
0.088867 0.750000
0.612305 0.760417
0.807617 0.744792
0.700195 0.743056
0.251953 0.758681
0.376953 0.744792
0.306641 0.746528
0.951172 0.720486
0.661133 0.776042
0.214844 0.720486
0.591797 0.730903
0.155273 0.748264
0.754883 0.777778
0.059570 0.751736
0.734375 0.762153
0.477539 0.732639
0.846680 0.869792
0.924805 0.769097
0.328125 0.758681
0.385742 0.756944
0.263672 0.750000
0.643555 0.722222
0.920898 0.739583
0.638672 0.753472
0.573242 0.739583
0.414062 0.746528
0.455078 0.748264
0.233398 0.736111
0.121094 0.744792
0.399414 0.750000
0.820312 0.736111
