0.043620 0.477214
0.567491 0.502604
0.520182 0.517253
0.628472 0.491536
0.564019 0.501953
0.833984 0.617188
0.071181 0.513997
0.565972 0.855143
0.412977 0.583659
0.862413 0.741862
0.637587 0.525065
0.723741 0.592122
0.611328 0.524740
0.610677 0.659831
0.565972 0.566081
0.550781 0.469727
0.933594 0.511719
0.558594 0.494466
0.567491 0.578125
0.947266 0.677083
0.834201 0.595378
0.688585 0.504557
0.093533 0.786784
0.913411 0.666667
0.550998 0.505208
0.060981 0.471354
0.761502 0.543620
0.531033 0.517253
0.656467 0.615885
0.655165 0.583008
0.741753 0.582682
0.477648 0.607422
0.904297 0.664062
0.621528 0.628581
0.491536 0.540365
0.646918 0.504232
0.530599 0.637044
0.617839 0.576497
0.054470 0.494792
0.186198 0.743815
0.070312 0.474609
0.925998 0.532552
0.671658 0.575846
0.566189 0.493815
0.410373 0.592773
0.661241 0.545247
0.560764 0.601237
0.574002 0.830078
0.960938 0.664062
0.677734 0.558919
0.087674 0.482096
0.123915 0.732096
0.648872 0.584635
0.981988 0.581055
0.485677 0.559570
0.624349 0.491211
0.639540 0.527018
0.943142 0.512370
0.409505 0.608073
0.098524 0.940430
0.458550 0.581055
0.302734 0.702148
0.694878 0.542643
0.583767 0.516927
0.973958 0.664062
0.753472 0.541667
0.554905 0.507161
0.636068 0.591471
0.886936 0.735026
0.628255 0.501302
0.412326 0.576172
0.859592 0.535482
0.963759 0.865234
0.777778 0.548177
0.047960 0.502279
0.376519 0.936523
0.631076 0.506185
0.081380 0.472656
0.957248 0.514323
0.233290 0.729818
0.586372 0.551432
0.062283 0.502279
0.076172 0.628906
0.511502 0.555339
0.324653 0.721680
0.675130 0.508789
0.530816 0.609375
0.623264 0.598958
0.061632 0.534505
0.682943 0.667643
0.669488 0.554362
0.176866 0.821940
0.869792 0.541016
0.198568 0.763346
0.443142 0.572917
0.077908 0.501953
0.730252 0.561523
0.050130 0.587240
0.520616 0.511719
0.025174 0.531901
0.858507 0.584961
0.589410 0.731445
0.136936 0.722656
0.041450 0.531901
0.824870 0.583333
0.075738 0.608724
0.644748 0.501302
0.685981 0.558919
0.945964 0.528971
0.477214 0.552083
0.269097 0.717122
0.542318 0.505859
0.934028 0.523112
0.631727 0.502279
0.285590 0.706380
0.032335 0.582682
0.810547 0.580404
0.514974 0.847005
0.863715 0.510091
0.245226 0.716146
0.077908 0.488281
0.616970 0.493490
