0.401000 0.518741
0.368000 0.563718
0.480000 0.511244
0.619000 0.511244
0.408000 0.526237
0.237000 0.557721
0.720000 0.499250
0.198000 0.595202
0.302000 0.556222
0.420000 0.535232
0.036000 0.550225
0.465000 0.523238
0.764000 0.503748
0.700000 0.499250
0.489000 0.505247
0.670000 0.557721
0.245000 0.530735
0.289000 0.521739
0.591000 0.536732
0.241000 0.575712
0.341000 0.572714
0.555000 0.526237
0.566000 0.514243
0.459000 0.530735
0.492000 0.593703
0.237000 0.545727
0.432000 0.527736
0.633000 0.518741
0.524000 0.506747
0.372000 0.511244
0.487000 0.529235
0.631000 0.532234
0.686000 0.496252
0.464000 0.532234
0.766000 0.518741
0.450000 0.527736
0.302000 0.530735
0.262000 0.551724
0.740000 0.494753
0.821000 0.485757
0.377000 0.541229
0.254000 0.511244
0.271000 0.595202
0.575000 0.556222
0.504000 0.527736
0.612000 0.515742
0.395000 0.508246
0.349000 0.520240
0.460000 0.520240
0.746000 0.532234
0.578000 0.523238
0.348000 0.550225
0.646000 0.511244
0.474000 0.544228
0.591000 0.497751
0.180000 0.565217
0.156000 0.607196
0.184000 0.554723
0.205000 0.583208
0.343000 0.515742
0.006000 0.577211
0.424000 0.548726
0.305000 0.518741
0.443000 0.542729
0.256000 0.520240
0.152000 0.539730
0.209000 0.548726
0.065000 0.547226
0.452000 0.536732
0.069000 0.593703
0.719000 0.514243
0.301000 0.512744
0.525000 0.640180
0.654000 0.527736
0.423000 0.509745
0.259000 0.530735
0.455000 0.524738
0.391000 0.532234
0.153000 0.572714
0.798000 0.473763
0.305000 0.637181
0.001000 0.565217
0.400000 0.505247
0.304000 0.586207
0.564000 0.533733
0.267000 0.521739
0.060000 0.569715
0.415000 0.520240
0.516000 0.500750
0.788000 0.481259
0.124000 0.568216
0.275000 0.577211
0.137000 0.569715
0.215000 0.517241
0.382000 0.556222
0.411000 0.542729
0.624000 0.500750
0.078000 0.586207
0.801000 0.499250
0.354000 0.515742
0.360000 0.505247
0.400000 0.583208
0.657000 0.511244
0.285000 0.526237
0.254000 0.563718
0.295000 0.574213
0.480000 0.521739
0.494000 0.505247
0.172000 0.547226
0.229000 0.520240
0.473000 0.508246
0.272000 0.515742
0.198000 0.559220
0.059000 0.553223
0.425000 0.523238
0.503000 0.505247
0.147000 0.644678
0.452000 0.553223
0.157000 0.556222
0.719000 0.530735
0.467000 0.568216
0.405000 0.541229
0.203000 0.518741
0.535000 0.499250
0.594000 0.503748
0.327000 0.677661
0.081000 0.569715
0.295000 0.518741
0.521000 0.527736
0.583000 0.511244
0.629000 0.559220
0.318000 0.577211
0.521000 0.503748
0.144000 0.544228
0.288000 0.530735
0.644000 0.520240
0.266000 0.533733
0.444000 0.575712
0.440000 0.526237
0.441000 0.517241
0.846000 0.472264
0.150000 0.548726
0.530000 0.539730
0.340000 0.551724
0.107000 0.569715
0.389000 0.509745
0.095000 0.572714
0.330000 0.568216
0.512000 0.524738
0.283000 0.518741
0.327000 0.526237
0.563000 0.511244
0.546000 0.532234
0.407000 0.512744
0.747000 0.485757
0.268000 0.530735
0.609000 0.523238
0.402000 0.556222
0.545000 0.512744
0.048000 0.559220
0.323000 0.559220
0.217000 0.544228
0.842000 0.490255
0.364000 0.508246
0.266000 0.670165
0.675000 0.508246
0.247000 0.544228
0.024000 0.620690
0.682000 0.524738
0.254000 0.575712
0.291000 0.554723
0.507000 0.547226
0.102000 0.550225
0.120000 0.578711
0.535000 0.520240
0.130000 0.557721
0.379000 0.514243
0.711000 0.515742
0.602000 0.508246
0.600000 0.518741
0.210000 0.578711
0.464000 0.505247
0.021000 0.571214
0.274000 0.563718
0.229000 0.542729
0.103000 0.610195
