0.877930 0.742814
0.893555 0.810893
0.674805 0.730711
0.451172 0.745840
0.473633 0.733737
0.034180 0.739788
0.732422 0.730711
0.134766 0.741301
0.753906 0.739788
0.243164 0.735250
0.226562 0.771558
0.550781 0.741301
0.562500 0.751891
0.740234 0.819970
0.361328 0.738275
0.312500 0.771558
0.269531 0.754917
0.160156 0.704992
0.049805 0.744327
0.325195 0.735250
0.652344 0.735250
0.615234 0.717095
0.935547 0.751891
0.378906 0.812405
0.837891 0.709531
0.232422 0.733737
0.150391 0.704992
0.491211 0.741301
0.527344 0.797277
0.073242 0.765507
0.488281 0.819970
0.254883 0.724660
0.392578 0.738275
0.338867 0.771558
0.293945 0.754917
0.979492 0.724660
0.200195 0.753404
0.105469 0.767020
0.420898 0.730711
0.708008 0.748865
0.797852 0.709531
