0.183333 0.795370
0.119271 0.785185
0.057813 0.902778
0.646875 0.582407
0.910417 0.588889
0.518229 0.603704
0.135937 0.637963
0.815625 0.603704
0.248438 0.619444
0.714063 0.622222
0.270833 0.631481
0.695833 0.610185
0.997396 0.614815
0.024479 0.609259
0.324479 0.669444
0.640625 0.651852
0.254688 0.636111
0.878125 0.583333
0.093229 0.643519
0.668229 0.621296
0.932813 0.642593
0.303646 0.614815
0.972396 0.602778
0.838021 0.616667
0.904687 0.587963
0.549479 0.616667
0.445312 0.617593
0.225521 0.615741
0.171875 0.606481
0.388021 0.648148
0.571875 0.610185
0.813542 0.637963
0.379688 0.642593
0.318229 0.614815
0.530729 0.603704
0.005729 0.612037
0.641146 0.586111
0.331250 0.609259
0.068750 0.607407
0.635417 0.592593
0.264583 0.600926
0.121354 0.610185
0.661458 0.617593
0.485938 0.618519
0.594792 0.625926
0.198437 0.605556
0.836458 0.631481
0.930729 0.582407
0.292708 0.637963
0.204687 0.630556
0.505729 0.637037
0.346875 0.611111
0.961458 0.606481
0.614062 0.629630
0.359375 0.603704
0.522917 0.602778
0.044271 0.610185
