0.503333 0.381667
0.992222 0.275000
0.982222 0.168333
0.372222 0.145000
0.603333 0.063333
0.061111 0.430000
0.982222 0.121667
0.558889 0.285000
0.622222 0.046667
0.902222 0.060000
0.804444 0.710000
0.898889 0.161667
0.505556 0.343333
0.813333 0.036667
0.748889 0.358333
0.656667 0.226667
0.230000 0.361667
0.418889 0.313333
0.734444 0.691667
0.567778 0.171667
0.732222 0.145000
0.331111 0.285000
0.305556 0.080000
0.807778 0.028333
0.034444 0.355000
0.098889 0.138333
0.176667 0.255000
0.718889 0.146667
0.918889 0.090000
0.175556 0.386667
0.754444 0.283333
0.864444 0.226667
0.048889 0.235000
0.760000 0.115000
0.744444 0.378333
0.828889 0.106667
0.531111 0.196667
0.528889 0.041667
0.414444 0.103333
0.307778 0.110000
0.977778 0.333333
0.784444 0.328333
0.738889 0.211667
0.313333 0.078333
0.150000 0.495000
0.686667 0.128333
0.608889 0.043333
0.356667 0.210000
0.195556 0.291667
0.837778 0.101667
0.894444 0.143333
0.931111 0.693333
0.467778 0.288333
0.096667 0.613333
0.378889 0.196667
0.477778 0.416667
0.067778 0.263333
0.657778 0.396667
0.288889 0.280000
0.716667 0.306667
0.302222 0.556667
0.721111 0.321667
0.210000 0.223333
0.800000 0.006667
0.975556 0.123333
0.768889 0.161667
0.923333 0.203333
0.801111 0.631667
0.520000 0.273333
0.951111 0.228333
0.868889 0.153333
0.806667 0.005000
0.930000 0.225000
0.817778 0.030000
0.754444 0.263333
0.081111 0.698333
0.958889 0.903333
0.530000 0.256667
0.713333 0.598333
0.958889 0.115000
0.944444 0.076667
0.652222 0.143333
0.966667 0.120000
0.570000 0.275000
0.608889 0.248333
0.375556 0.505000
0.466667 0.581667
0.412222 0.381667
0.714444 0.068333
0.833333 0.475000
0.803333 0.495000
0.351111 0.400000
0.250000 0.101667
0.557778 0.046667
0.042222 0.371667
0.720000 0.171667
0.741111 0.391667
0.247778 0.658333
0.035556 0.151667
0.803333 0.041667
0.040000 0.113333
0.455556 0.345000
0.635556 0.316667
0.744444 0.178333
0.376667 0.325000
0.718889 0.223333
0.126667 0.265000
0.764444 0.310000
0.535556 0.370000
0.988889 0.150000
0.712222 0.485000
0.826667 0.170000
0.723333 0.266667
0.375556 0.075000
0.006667 0.120000
0.095556 0.531667
0.526667 0.165000
0.964444 0.090000
0.563333 0.973333
0.985556 0.701667
0.563333 0.298333
0.548889 0.420000
0.886667 0.018333
0.647778 0.175000
0.742222 0.493333
0.383333 0.075000
0.757778 0.051667
0.227778 0.231667
0.798889 0.098333
0.673333 0.345000
0.081111 0.136667
0.006667 0.601667
0.916667 0.263333
0.425556 0.208333
0.680000 0.505000
0.157778 0.316667
0.176667 0.606667
0.054444 0.345000
0.675556 0.170000
0.302222 0.385000
0.931111 0.133333
0.900000 0.083333
0.930000 0.080000
0.442222 0.223333
0.395556 0.410000
0.331111 0.381667
0.657778 0.103333
0.710000 0.081667
0.855556 0.136667
0.105556 0.133333
0.077778 0.435000
0.176667 0.135000
0.610000 0.185000
0.827778 0.191667
0.966667 0.053333
0.737778 0.295000
0.602222 0.086667
0.810000 0.191667
0.330000 0.225000
0.705556 0.183333
0.238889 0.185000
0.871111 0.168333
0.630000 0.121667
0.264444 0.303333
0.201111 0.236667
0.544444 0.745000
0.180000 0.226667
0.554444 0.231667
0.316667 0.393333
0.947778 0.036667
0.703333 0.271667
0.692222 0.088333
0.684444 0.111667
0.875556 0.118333
0.208889 0.271667
0.931111 0.041667
0.660000 0.091667
0.925556 0.298333
0.676667 0.491667
0.620000 0.083333
0.751111 0.236667
0.460000 0.228333
0.580000 0.456667
0.383333 0.556667
0.358889 0.263333
0.680000 0.230000
0.777778 0.358333
0.507778 0.315000
0.831111 0.218333
0.335556 0.213333
0.022222 0.303333
0.595556 0.033333
0.277778 0.185000
0.054444 0.251667
0.706667 0.063333
0.834444 0.170000
0.543333 0.328333
0.574444 0.221667
0.524444 0.475000
0.678889 0.318333
0.414444 0.116667
0.991111 0.111667
0.396667 0.181667
0.960000 0.030000
0.692222 0.063333
0.146667 0.430000
0.881111 0.025000
0.855556 0.278333
0.795556 0.010000
0.708889 0.371667
0.136667 0.343333
0.348889 0.223333
0.224444 0.216667
0.176667 0.298333
0.960000 0.278333
0.011111 0.548333
0.223333 0.193333
0.110000 0.291667
0.715556 0.235000
0.705556 0.326667
0.358889 0.413333
0.741111 0.165000
0.524444 0.513333
0.677778 0.751667
0.860000 0.788333
0.633333 0.348333
0.795556 0.263333
0.474444 0.458333
0.522222 0.243333
0.758889 0.361667
0.957778 0.300000
0.775556 0.143333
0.236667 0.341667
0.993333 0.240000
0.131111 0.598333
0.770000 0.115000
0.670000 0.143333
0.413333 0.243333
0.848889 0.083333
0.263333 0.270000
0.394444 0.148333
0.364444 0.303333
0.863333 0.851667
0.885556 0.010000
0.814444 0.030000
0.957778 0.228333
0.740000 0.643333
0.240000 0.105000
0.674444 0.543333
0.665556 0.241667
0.103333 0.436667
0.007778 0.146667
0.720000 0.355000
0.712222 0.398333
0.113333 0.140000
0.622222 0.201667
0.265556 0.121667
0.887778 0.156667
0.822222 0.306667
0.626667 0.668333
0.372222 0.385000
0.591111 0.230000
0.424444 0.251667
0.416667 0.350000
0.742222 0.105000
0.612222 0.230000
0.145556 0.393333
0.388889 0.075000
0.858889 0.181667
0.550000 0.475000
0.347778 0.195000
0.686667 0.101667
0.187778 0.181667
0.846667 0.148333
0.283333 0.255000
0.858889 0.056667
0.653333 0.345000
0.365556 0.080000
0.977778 0.018333
0.842222 0.065000
0.797778 0.280000
0.972222 0.055000
0.967778 0.205000
0.417778 0.281667
0.110000 0.118333
0.503333 0.165000
0.736667 0.343333
0.036667 0.433333
0.505556 0.201667
0.268889 0.438333
0.993333 0.046667
0.524444 0.228333
0.894444 0.180000
0.908889 0.068333
0.636667 0.406667
0.887778 0.301667
0.100000 0.343333
0.261111 0.141667
0.186667 0.423333
0.146667 0.243333
0.613333 0.418333
0.481111 0.808333
0.268889 0.490000
0.204444 0.346667
0.352222 0.246667
0.635556 0.121667
0.295556 0.316667
0.403333 0.211667
0.792222 0.061667
0.825556 0.260000
0.108889 0.191667
0.754444 0.701667
0.073333 0.236667
0.734444 0.165000
0.532222 0.235000
0.310000 0.260000
0.293333 0.126667
0.164444 0.538333
0.023333 0.466667
0.788889 0.110000
0.611111 0.158333
0.460000 0.761667
0.715556 0.063333
0.565556 0.030000
0.831111 0.088333
0.618889 0.216667
0.361111 0.468333
0.811111 0.005000
0.248889 0.178333
0.394444 0.250000
0.990000 0.225000
0.744444 0.193333
0.767778 0.088333
0.422222 0.885000
0.632222 0.136667
0.474444 0.743333
0.310000 0.063333
0.858889 0.083333
0.370000 0.241667
0.910000 0.081667
0.264444 0.378333
0.542222 0.685000
0.275556 0.410000
0.385556 0.673333
0.684444 0.210000
0.287778 0.416667
0.472222 0.106667
0.200000 0.373333
0.835556 0.270000
0.141111 0.288333
0.675556 0.028333
0.765556 0.116667
0.851111 0.300000
0.880000 0.721667
0.363333 0.370000
0.931111 0.268333
0.343333 0.990000
0.758889 0.101667
0.224444 0.280000
0.647778 0.203333
0.245556 0.213333
0.451111 0.453333
0.908889 0.133333
0.903333 0.080000
0.765556 0.176667
0.175556 0.568333
0.668889 0.266667
0.450000 0.318333
0.684444 0.415000
0.912222 0.320000
0.212222 0.078333
0.416667 0.740000
0.674444 0.643333
0.532222 0.276667
0.444444 0.376667
0.704444 0.435000
0.688889 0.256667
0.726667 0.228333
0.394444 0.473333
0.943333 0.043333
0.921111 0.043333
0.431111 0.270000
0.222222 0.241667
0.781111 0.100000
0.372222 0.263333
0.165556 0.418333
0.940000 0.081667
0.768889 0.265000
0.663333 0.028333
0.667778 0.165000
0.190000 0.131667
0.818889 0.188333
0.628889 0.108333
0.283333 0.216667
0.190000 0.391667
0.324444 0.600000
0.090000 0.130000
0.466667 0.230000
0.632222 0.505000
0.722222 0.091667
0.511111 0.231667
0.628889 0.436667
0.963333 0.138333
0.535556 0.170000
0.693333 0.048333
0.680000 0.248333
0.544444 0.033333
0.332222 0.466667
0.843333 0.123333
0.881111 0.176667
0.177778 0.486667
0.586667 0.115000
0.208889 0.293333
0.228889 0.986667
0.618889 0.145000
0.735556 0.135000
0.891111 0.168333
0.804444 0.093333
0.685556 0.061667
0.973333 0.213333
0.747778 0.123333
0.951111 0.483333
0.765556 0.285000
0.690000 0.178333
0.745556 0.311667
0.120000 0.748333
0.194444 0.250000
0.781111 0.556667
0.857778 0.113333
0.273333 0.283333
0.523333 0.296667
0.818889 0.128333
0.763333 0.060000
0.338889 0.196667
0.741111 0.040000
0.266667 0.333333
0.556667 0.401667
0.207778 0.606667
0.327778 0.213333
0.422222 0.431667
0.246667 0.203333
0.404444 0.075000
0.647778 0.156667
0.764444 0.341667
0.973333 0.261667
0.424444 0.506667
0.686667 0.241667
0.464444 0.933333
0.668889 0.323333
0.254444 0.121667
0.130000 0.288333
0.295556 0.240000
0.622222 0.155000
0.944444 0.811667
0.723333 0.286667
0.978889 0.285000
0.473333 0.186667
0.713333 0.156667
0.596667 0.041667
0.050000 0.515000
0.348889 0.531667
0.377778 0.135000
0.300000 0.453333
0.385556 0.445000
0.287778 0.303333
0.107778 0.473333
0.963333 0.251667
0.231111 0.325000
0.232222 0.408333
0.663333 0.098333
0.746667 0.251667
0.811111 0.165000
0.736667 0.066667
0.218889 0.288333
0.890000 0.020000
0.988889 0.138333
0.852222 0.070000
0.265556 0.180000
0.092222 0.393333
0.244444 0.103333
0.972222 0.106667
0.986667 0.060000
0.902222 0.226667
0.744444 0.096667
0.846667 0.223333
0.248889 0.225000
0.346667 0.331667
0.685556 0.380000
0.383333 0.276667
0.658889 0.278333
0.661111 0.231667
0.220000 0.368333
0.278889 0.328333
0.758889 0.121667
0.570000 0.365000
0.920000 0.106667
0.941111 0.263333
0.995556 0.183333
0.341111 0.380000
0.248889 0.280000
0.940000 0.013333
0.345556 0.920000
0.576667 0.271667
0.150000 0.610000
0.490000 0.338333
0.100000 0.368333
0.610000 0.085000
0.300000 0.210000
0.940000 0.301667
0.484444 0.031667
0.622222 0.135000
0.064444 0.476667
0.058889 0.455000
0.178889 0.351667
0.006667 0.360000
0.646667 0.093333
0.521111 0.193333
0.055556 0.315000
0.890000 0.068333
0.413333 0.296667
0.376667 0.295000
0.245556 0.426667
0.376667 0.108333
0.331111 0.493333
0.490000 0.295000
0.861111 0.590000
0.317778 0.201667
0.745556 0.270000
0.815556 0.058333
0.532222 0.210000
0.955556 0.353333
0.717778 0.183333
0.060000 0.596667
0.421111 0.230000
0.266667 0.253333
0.846667 0.096667
0.638889 0.085000
0.216667 0.168333
0.636667 0.968333
0.801111 0.671667
0.244444 0.316667
0.827778 0.051667
0.928889 0.751667
0.561111 0.165000
0.274444 0.258333
0.364444 0.203333
0.158889 0.298333
0.300000 0.730000
0.338889 0.420000
0.932222 0.445000
0.805556 0.248333
0.343333 0.221667
0.247778 0.255000
0.906667 0.340000
0.641111 0.610000
0.822222 0.281667
0.632222 0.050000
0.888889 0.346667
0.866667 0.531667
0.213333 0.238333
0.130000 0.101667
0.774444 0.063333
0.972222 0.023333
0.443333 0.395000
0.524444 0.440000
0.917778 0.015000
0.218889 0.325000
0.858889 0.211667
0.745556 0.430000
0.640000 0.178333
0.801111 0.511667
0.251111 0.300000
0.254444 0.080000
0.872222 0.131667
0.678889 0.190000
0.133333 0.633333
0.882222 0.333333
0.263333 0.220000
0.752222 0.105000
0.436667 0.350000
0.595556 0.191667
0.531111 0.321667
0.522222 0.315000
0.611111 0.716667
0.675556 0.086667
0.278889 0.231667
0.597778 0.241667
0.745556 0.158333
0.552222 0.190000
0.567778 0.205000
0.233333 0.603333
0.513333 0.071667
0.802222 0.315000
0.692222 0.330000
0.761111 0.193333
0.587778 0.310000
0.883333 0.195000
0.855556 0.095000
0.908889 0.036667
0.233333 0.170000
0.723333 0.188333
0.032222 0.121667
0.422222 0.110000
0.030000 0.333333
0.587778 0.623333
0.274444 0.571667
0.892222 0.481667
0.636667 0.785000
0.897778 0.213333
0.577778 0.200000
0.748889 0.401667
0.616667 0.060000
0.691111 0.140000
0.452222 0.420000
0.878889 0.166667
0.035556 0.636667
0.050000 0.771667
0.253333 0.158333
0.567778 0.900000
0.834444 0.115000
0.170000 0.330000
0.366667 0.346667
0.841111 0.240000
0.906667 0.098333
0.328889 0.270000
0.824444 0.001667
0.445556 0.108333
0.481111 0.273333
0.267778 0.630000
0.954444 0.035000
0.902222 0.180000
0.933333 0.151667
0.401111 0.230000
0.672222 0.046667
0.190000 0.303333
0.842222 0.153333
0.683333 0.091667
0.710000 0.191667
0.442222 0.046667
0.706667 0.228333
0.456667 0.993333
0.820000 0.151667
0.746667 0.046667
0.755556 0.183333
0.924444 0.035000
0.963333 0.425000
0.913333 0.200000
0.791111 0.031667
0.928889 0.141667
0.465556 0.361667
0.532222 0.585000
0.697778 0.115000
0.686667 0.291667
0.895556 0.356667
0.836667 0.208333
0.751111 0.200000
0.875556 0.011667
0.730000 0.115000
0.798889 0.030000
0.923333 0.118333
0.775556 0.313333
0.694444 0.220000
0.670000 0.223333
0.316667 0.285000
0.963333 0.445000
0.070000 0.376667
0.128889 0.318333
0.347778 0.576667
0.190000 0.353333
0.347778 0.073333
0.202222 0.425000
0.633333 0.211667
0.292222 0.371667
0.888889 0.138333
0.642222 0.103333
0.544444 0.190000
0.973333 0.986667
0.197778 0.451667
0.164444 0.240000
0.165556 0.130000
0.935556 0.105000
0.106667 0.323333
0.471111 0.531667
0.445556 0.276667
0.735556 0.110000
0.835556 0.320000
0.508889 0.260000
0.866667 0.195000
0.472222 0.308333
0.326667 0.441667
0.382222 0.836667
0.917778 0.056667
0.755556 0.140000
0.228889 0.178333
0.891111 0.113333
0.573333 0.431667
0.604444 0.051667
0.682222 0.030000
0.384444 0.216667
0.083333 0.493333
0.905556 0.126667
0.672222 0.306667
0.936667 0.215000
0.708889 0.148333
0.284444 0.890000
0.781111 0.613333
0.704444 0.193333
0.547778 0.203333
0.538889 0.491667
0.977778 0.053333
0.846667 0.268333
0.124444 0.950000
0.580000 0.186667
0.715556 0.755000
0.190000 0.206667
0.988889 0.201667
0.397778 0.296667
0.276667 0.166667
0.624444 0.186667
0.697778 0.135000
0.421111 0.603333
0.058889 0.276667
0.866667 0.118333
0.734444 0.120000
0.827778 0.036667
0.066667 0.250000
0.651111 0.103333
0.267778 0.533333
0.754444 0.578333
0.298889 0.681667
0.202222 0.308333
0.924444 0.080000
0.310000 0.223333
0.682222 0.165000
0.507778 0.641667
0.924444 0.218333
0.872222 0.270000
0.211111 0.211667
0.636667 0.036667
0.830000 0.145000
0.550000 0.268333
0.876667 0.236667
0.667778 0.126667
0.186667 0.325000
0.946667 0.586667
0.664444 0.150000
0.201111 0.508333
0.456667 0.658333
0.555556 0.031667
0.468889 0.331667
0.733333 0.253333
0.517778 0.201667
0.973333 0.510000
0.231111 0.296667
0.047778 0.215000
0.364444 0.186667
0.438889 0.300000
0.907778 0.156667
0.815556 0.005000
0.658889 0.300000
0.308889 0.205000
0.072222 0.661667
0.813333 0.321667
0.515556 0.338333
0.862222 0.071667
0.561111 0.201667
0.034444 0.705000
0.185556 0.275000
0.578889 0.400000
0.564444 0.251667
0.161111 0.446667
0.852222 0.258333
0.598889 0.550000
0.335556 0.516667
0.216667 0.543333
0.522222 0.361667
0.750000 0.986667
0.780000 0.028333
0.798889 0.121667
0.334444 0.351667
0.812222 0.221667
0.610000 0.033333
0.737778 0.461667
0.145556 0.253333
0.236667 0.248333
0.604444 0.318333
0.943333 0.281667
0.912222 0.016667
0.770000 0.060000
0.628889 0.086667
0.030000 0.150000
0.002222 0.321667
0.780000 0.283333
0.808889 0.036667
0.243333 0.480000
0.153333 0.356667
0.180000 0.191667
0.551111 0.346667
0.052222 0.290000
0.135556 0.485000
0.624444 0.145000
0.926667 0.060000
0.284444 0.123333
0.203333 0.188333
0.626667 0.550000
0.550000 0.175000
0.647778 0.291667
0.073333 0.301667
0.603333 0.163333
0.653333 0.240000
0.255556 0.408333
0.513333 0.426667
0.761111 0.085000
0.151111 0.518333
0.213333 0.391667
0.465556 0.258333
0.664444 0.185000
0.832222 0.003333
0.404444 0.231667
0.657778 0.191667
0.866667 0.081667
0.405556 0.193333
0.468889 0.033333
0.761111 0.128333
0.271111 0.121667
0.566667 0.221667
0.540000 0.211667
0.141111 0.373333
0.584444 0.520000
0.636667 0.281667
0.812222 0.141667
0.660000 0.215000
0.855556 0.645000
0.952222 0.070000
0.762222 0.121667
0.815556 0.106667
0.480000 0.596667
0.151111 0.675000
0.490000 0.373333
0.336667 0.765000
0.865556 0.090000
0.012222 0.440000
0.706667 0.290000
0.237778 0.075000
0.992222 0.898333
0.168889 0.271667
0.270000 0.308333
0.311111 0.240000
0.632222 0.378333
0.122222 0.671667
0.254444 0.213333
0.898889 0.193333
0.905556 0.286667
0.258889 0.485000
0.491111 0.178333
0.892222 0.151667
0.358889 0.683333
0.734444 0.090000
0.291111 0.201667
0.901111 0.111667
0.883333 0.085000
0.720000 0.136667
0.888889 0.258333
0.925556 0.323333
0.033333 0.108333
0.661111 0.366667
0.964444 0.048333
0.385556 0.346667
0.640000 0.123333
0.407778 0.270000
0.387778 0.230000
0.877778 0.018333
0.026667 0.495000
0.397778 0.348333
0.735556 0.801667
0.931111 0.281667
0.374444 0.213333
0.914444 0.158333
0.017778 0.146667
0.143333 0.785000
0.967778 0.311667
0.150000 0.883333
0.734444 0.051667
0.641111 0.245000
0.650000 0.261667
0.605556 0.225000
0.130000 0.371667
0.272222 0.211667
0.930000 0.101667
0.983333 0.183333
0.842222 0.285000
0.442222 0.248333
0.362222 0.591667
0.585556 0.250000
0.612222 0.140000
0.737778 0.268333
0.617778 0.430000
0.511111 0.173333
0.746667 0.133333
0.778889 0.108333
0.838889 0.131667
0.843333 0.108333
0.707778 0.123333
0.634444 0.155000
0.066667 0.330000
0.395556 0.215000
0.503333 0.038333
0.727778 0.043333
0.106667 0.571667
0.617778 0.175000
0.613333 0.381667
0.144444 0.275000
0.511111 0.401667
0.668889 0.208333
0.012222 0.771667
0.822222 0.918333
0.741111 0.506667
0.382222 0.230000
0.333333 0.325000
0.333333 0.075000
0.321111 0.833333
0.617778 0.031667
0.782222 0.038333
0.320000 0.473333
0.875556 0.220000
0.115556 0.401667
0.085556 0.290000
0.298889 0.528333
0.047778 0.401667
0.075556 0.276667
0.642222 0.116667
0.626667 0.330000
0.240000 0.448333
0.628889 0.228333
0.603333 0.408333
0.580000 0.041667
0.356667 0.278333
0.967778 0.026667
0.203333 0.125000
0.670000 0.456667
0.992222 0.051667
0.544444 0.166667
0.960000 0.006667
0.763333 0.156667
0.973333 0.046667
0.604444 0.473333
0.101111 0.411667
0.274444 0.353333
0.400000 0.203333
0.661111 0.440000
0.306667 0.336667
0.571111 0.841667
0.715556 0.128333
0.073333 0.915000
0.982222 0.045000
0.882222 0.100000
0.815556 0.085000
0.942222 0.105000
0.264444 0.161667
0.346667 0.265000
0.934444 0.036667
0.730000 0.211667
0.118889 0.365000
0.086667 0.313333
0.840000 0.306667
0.223333 0.573333
0.201111 0.741667
0.688889 0.351667
0.228889 0.208333
0.370000 0.280000
0.114444 0.528333
0.655556 0.160000
0.368889 0.420000
0.970000 0.401667
0.993333 0.126667
0.837778 0.145000
0.911111 0.170000
0.411111 0.580000
0.696667 0.086667
0.844444 0.966667
0.805556 0.100000
0.700000 0.155000
0.557778 0.365000
0.945556 0.118333
0.302222 0.250000
0.081111 0.338333
0.465556 0.390000
0.718889 0.250000
0.732222 0.195000
0.143333 0.846667
0.290000 0.266667
0.952222 0.110000
0.583333 0.146667
0.710000 0.056667
0.195556 0.340000
0.594444 0.336667
0.770000 0.070000
0.646667 0.833333
0.544444 0.288333
0.330000 0.253333
0.947778 0.135000
0.437778 0.208333
0.546667 0.245000
0.597778 0.361667
0.811111 0.286667
0.207778 0.836667
0.388889 0.383333
0.455556 0.033333
0.450000 0.233333
0.223333 0.158333
0.967778 0.558333
0.425556 0.035000
0.782222 0.778333
0.850000 0.105000
0.712222 0.043333
0.917778 0.210000
0.976667 0.006667
0.154444 0.275000
0.107778 0.303333
0.695556 0.983333
0.037778 0.570000
0.872222 0.016667
0.706667 0.103333
0.952222 0.373333
0.926667 0.250000
0.602222 0.206667
0.511111 0.286667
0.015556 0.403333
0.677778 0.155000
0.493333 0.190000
0.914444 0.241667
0.813333 0.123333
0.038889 0.303333
0.643333 0.230000
0.770000 0.106667
0.205556 0.476667
0.082222 0.251667
0.816667 0.136667
0.906667 0.480000
0.250000 0.385000
0.664444 0.065000
0.025556 0.118333
0.698889 0.253333
0.053333 0.225000
0.590000 0.195000
0.784444 0.086667
0.457778 0.241667
0.701111 0.308333
0.152222 0.261667
0.931111 0.118333
0.564444 0.181667
0.425556 0.198333
0.291111 0.220000
0.584444 0.218333
0.343333 0.295000
0.837778 0.758333
0.621111 0.236667
0.897778 0.265000
0.656667 0.066667
0.826667 0.045000
0.715556 0.200000
0.325556 0.308333
0.237778 0.263333
0.188889 0.658333
0.507778 0.240000
0.782222 0.153333
0.507778 0.901667
0.832222 0.135000
0.833333 0.288333
0.322222 0.078333
0.414444 0.078333
0.556667 0.256667
0.393333 0.555000
0.916667 0.071667
0.885556 0.215000
0.791111 0.338333
0.875556 0.103333
0.703333 0.351667
0.375556 0.228333
0.488889 0.246667
0.732222 0.870000
0.820000 0.003333
0.570000 0.340000
0.346667 0.173333
0.993333 0.748333
0.725556 0.065000
0.220000 0.515000
0.576667 0.210000
0.718889 0.550000
0.934444 0.618333
0.978889 0.223333
0.665556 0.091667
0.982222 0.013333
0.902222 0.245000
0.394444 0.276667
0.763333 0.326667
0.465556 0.205000
0.600000 0.135000
0.937778 0.481667
0.161111 0.256667
0.652222 0.321667
0.180000 0.241667
0.428889 0.318333
0.502222 0.280000
0.055556 0.145000
0.820000 0.525000
0.914444 0.143333
0.554444 0.311667
0.322222 0.415000
0.643333 0.191667
0.935556 0.011667
0.257778 0.340000
0.683333 0.146667
0.976667 0.045000
0.635556 0.106667
0.515556 0.050000
0.768889 0.043333
0.980000 0.246667
0.940000 0.390000
0.693333 0.123333
0.571111 0.586667
0.366667 0.625000
0.180000 0.453333
0.675556 0.368333
0.586667 0.281667
0.114444 0.446667
0.273333 0.126667
0.190000 0.695000
