0.259167 0.007682
0.704167 0.172855
0.667500 0.075544
0.067500 0.014085
0.345000 0.419974
0.212500 0.072983
0.235000 0.148528
0.294167 0.076825
0.336667 0.343150
0.735833 0.153649
0.824167 0.067862
0.219167 0.026889
0.998333 0.275288
0.695833 0.226633
0.833333 0.049936
0.680833 0.154930
0.255833 0.464789
0.693333 0.108835
0.613333 0.065301
0.854167 0.011524
0.900000 0.408451
0.742500 0.110115
0.170833 0.044814
0.780000 0.147247
0.785833 0.466069
0.650833 0.121639
0.667500 0.416133
0.959167 0.119078
0.490000 0.056338
0.623333 0.125480
0.235000 0.179257
0.696667 0.028169
0.139167 0.023047
0.105000 0.097311
0.497500 0.064020
0.814167 0.012804
0.828333 0.020487
0.520000 0.044814
0.008333 0.084507
0.673333 0.042254
0.598333 0.042254
0.945833 0.066581
0.964167 0.000000
0.336667 0.134443
0.141667 0.113956
0.678333 0.309859
0.293333 0.110115
0.244167 0.629962
0.337500 0.243278
0.570833 0.012804
0.455000 0.066581
0.505000 0.896287
0.727500 0.275288
0.670000 0.641485
0.762500 0.056338
0.711667 0.142125
0.420833 0.098592
0.782500 0.664533
0.588333 0.067862
0.430833 0.483995
0.686667 0.019206
0.019167 0.399488
0.335000 0.106274
0.113333 0.007682
0.337500 0.201024
0.410833 0.057618
0.098333 0.387964
0.295000 0.010243
0.437500 0.023047
0.745833 0.323944
0.280000 0.166453
0.859167 0.061460
0.990833 0.078105
0.869167 0.216389
0.634167 0.080666
0.701667 0.737516
0.713333 0.078105
0.533333 0.258643
0.270000 0.297055
0.325833 0.040973
0.930000 0.047375
0.563333 0.359795
0.254167 0.070423
0.898333 0.708067
0.087500 0.135723
0.605833 0.104994
0.495000 0.169014
0.218333 0.202305
0.550000 0.093470
0.970000 0.032010
0.463333 0.007682
0.825833 0.330346
0.668333 0.135723
0.945000 0.001280
0.382500 0.085787
0.776667 0.011524
0.476667 0.241997
0.470833 0.099872
0.335833 0.115237
0.889167 0.879641
0.922500 0.275288
0.330833 0.049936
0.664167 0.039693
0.281667 0.234315
0.870000 0.072983
0.625000 0.156210
0.457500 0.599232
0.475000 0.674776
0.954167 0.151088
0.401667 0.217670
0.291667 0.032010
0.051667 0.098592
0.829167 0.448143
0.673333 0.008963
0.246667 0.083227
0.056667 0.329065
0.592500 0.087068
0.752500 0.430218
0.636667 0.007682
0.635000 0.563380
0.030000 0.014085
0.647500 0.016645
0.217500 0.057618
0.079167 0.072983
0.426667 0.120359
0.460000 0.233035
0.280833 0.224072
0.960000 0.311140
0.625000 0.193342
0.760000 0.079385
0.500833 0.186940
0.542500 0.177977
0.982500 0.000000
0.588333 0.028169
0.639167 0.042254
0.449167 0.208707
0.645000 0.099872
0.813333 0.083227
0.625833 0.032010
0.396667 0.012804
0.964167 0.094750
0.799167 0.000000
0.985833 0.355954
0.975833 0.140845
0.025833 0.597951
0.960833 0.249680
0.725000 0.098592
0.890833 0.046095
0.342500 0.217670
0.838333 0.078105
0.790000 0.044814
0.764167 0.024328
0.140000 0.122919
0.860000 0.368758
0.735833 0.212548
0.330833 0.020487
0.206667 0.286812
0.190000 0.116517
0.968333 0.074264
0.825000 0.233035
0.832500 0.147247
0.983333 0.509603
0.982500 0.012804
0.836667 0.193342
0.330000 0.029449
0.631667 0.373880
0.063333 0.084507
0.754167 0.128041
0.877500 0.505762
0.235000 0.717029
0.287500 0.189501
0.481667 0.129321
0.886667 0.030730
0.795000 0.113956
0.367500 0.047375
0.728333 0.023047
0.909167 0.094750
0.744167 0.074264
0.622500 0.343150
0.169167 0.072983
0.495000 0.390525
0.069167 0.291933
0.574167 0.144686
0.405833 0.304738
0.740000 0.596671
0.778333 0.359795
0.793333 0.075544
0.160000 0.218950
0.619167 0.509603
0.214167 0.065301
0.293333 0.049936
0.237500 0.125480
0.557500 0.106274
0.385833 0.144686
0.256667 0.047375
0.035833 0.064020
0.760833 0.236876
0.547500 0.079385
0.910833 0.028169
0.200000 0.103713
0.904167 0.344430
0.718333 0.051216
0.045833 0.207426
0.872500 0.021767
0.200000 0.345711
0.080833 0.259923
0.420000 0.071703
0.898333 0.062740
0.178333 0.441741
0.137500 0.309859
0.933333 0.106274
0.475833 0.282971
0.664167 0.282971
0.151667 0.096031
0.777500 0.263764
0.997500 0.227913
0.185833 0.010243
0.600000 0.094750
0.665833 0.181818
0.942500 0.078105
0.895833 0.011524
0.787500 0.020487
0.560000 0.605634
0.173333 0.172855
0.712500 0.010243
0.243333 0.099872
0.688333 0.000000
0.475833 0.026889
0.795000 0.158771
0.145000 0.554417
0.180000 0.025608
0.540833 0.066581
0.579167 0.120359
0.164167 0.195903
0.255833 0.042254
0.370000 0.035851
0.806667 0.052497
0.039167 0.006402
0.704167 0.003841
0.915833 0.070423
0.465000 0.075544
0.392500 0.204866
0.448333 0.057618
0.261667 0.504481
0.180000 0.137004
0.509167 0.028169
0.108333 0.697823
0.363333 0.016645
0.210000 0.245839
0.004167 0.285531
0.653333 0.158771
0.607500 0.177977
0.140833 0.032010
0.077500 0.451985
0.624167 0.003841
0.889167 0.074264
0.201667 0.313700
0.056667 0.510883
0.205000 0.085787
0.929167 0.034571
0.180000 0.019206
0.441667 0.138284
0.592500 0.462228
0.135833 0.053777
0.289167 0.153649
0.592500 0.267606
0.407500 0.025608
0.138333 0.271447
0.335833 0.175416
0.853333 0.162612
0.907500 0.113956
0.757500 0.002561
0.645000 0.248399
0.940833 0.454545
0.870833 0.183099
0.974167 0.177977
0.723333 0.190781
0.970833 0.811780
0.749167 0.841229
0.420000 0.390525
0.575000 0.221511
0.383333 0.067862
0.094167 0.426376
0.631667 0.222791
0.898333 0.244558
0.237500 0.131882
0.558333 0.053777
0.699167 0.066581
0.827500 0.098592
0.284167 0.133163
0.402500 0.017926
0.905833 0.198464
0.874167 0.592830
0.636667 0.916773
0.476667 0.791293
0.525000 0.138284
0.060833 0.185659
0.872500 0.003841
0.270833 0.367478
0.586667 0.704225
0.343333 0.375160
0.845833 0.113956
0.618333 0.295775
0.535833 0.154930
0.940000 0.192061
0.862500 0.038412
0.903333 0.035851
0.927500 0.540333
0.809167 0.391805
0.877500 0.111396
0.531667 0.486556
0.412500 0.334187
0.440000 0.526248
0.811667 0.131882
0.217500 0.039693
0.375000 0.108835
0.115833 0.076825
0.536667 0.007682
0.448333 0.165173
0.180000 0.034571
0.814167 0.533931
0.972500 0.049936
0.360000 0.003841
0.365833 0.025608
0.772500 0.033291
0.830833 0.765685
0.665833 0.000000
0.351667 0.586428
0.209167 0.051216
0.335833 0.062740
0.843333 0.272727
0.094167 0.046095
0.445000 0.032010
0.888333 0.144686
0.410833 0.279129
0.257500 0.035851
0.901667 0.000000
0.148333 0.011524
0.044167 0.043534
0.510833 0.445583
0.379167 0.832266
0.583333 0.240717
0.867500 0.126761
0.003333 0.768246
0.010000 0.165173
0.749167 0.016645
0.243333 0.819462
0.545000 0.555698
0.525833 0.239437
0.336667 0.239437
0.620833 0.026889
0.597500 0.011524
0.528333 0.002561
0.335833 0.093470
0.015000 0.404609
0.429167 0.427657
0.607500 0.014085
0.397500 0.241997
0.997500 0.064020
0.627500 0.071703
0.254167 0.017926
0.585833 0.158771
0.380833 0.096031
0.435000 0.016645
0.005833 0.679898
0.673333 0.209987
0.506667 0.211268
0.091667 0.111396
0.430833 0.008963
0.435000 0.133163
0.256667 0.407170
0.006667 0.039693
0.346667 0.516005
0.391667 0.160051
0.687500 0.477593
0.545833 0.329065
0.944167 0.012804
0.950833 0.380282
0.555833 0.192061
0.475833 0.322663
0.003333 0.094750
0.181667 0.399488
0.126667 0.778489
0.414167 0.039693
0.726667 0.384123
0.775833 0.094750
0.916667 0.001280
0.130000 0.330346
0.334167 0.295775
0.293333 0.061460
0.660000 0.024328
0.105833 0.023047
0.127500 0.067862
0.151667 0.002561
0.735833 0.006402
0.607500 0.047375
0.981667 0.637644
0.504167 0.085787
0.327500 0.010243
0.126667 0.172855
0.874167 0.300896
0.801667 0.282971
0.477500 0.357234
0.715000 0.254802
0.757500 0.180538
0.986667 0.108835
0.439167 0.192061
0.468333 0.085787
0.020000 0.025608
0.175833 0.056338
0.534167 0.053777
0.582500 0.023047
0.030833 0.137004
0.573333 0.061460
0.296667 0.019206
0.685833 0.057618
0.545000 0.011524
0.081667 0.008963
0.214167 0.016645
0.343333 0.464789
0.793333 0.974392
0.085000 0.058899
0.789167 0.188220
0.254167 0.058899
0.515833 0.034571
0.220833 0.006402
0.955833 0.026889
0.059167 0.029449
0.817500 0.171575
0.388333 0.119078
0.265000 0.314981
0.680000 0.090909
0.485000 0.044814
0.836667 0.001280
0.950833 0.044814
0.524167 0.119078
0.804167 0.026889
0.335833 0.078105
0.654167 0.062740
0.125833 0.628681
0.140000 0.144686
0.910833 0.160051
0.780000 0.064020
0.557500 0.035851
0.940833 0.217670
0.631667 0.791293
0.511667 0.103713
0.213333 0.052497
0.993333 0.411012
0.739167 0.034571
0.393333 0.177977
0.095833 0.243278
0.110833 0.213828
0.160833 0.085787
0.161667 0.240717
0.129167 0.044814
0.029167 0.368758
0.996667 0.039693
0.844167 0.024328
0.928333 0.133163
0.547500 0.023047
0.367500 0.664533
0.711667 0.117798
0.752500 0.038412
0.022500 0.238156
0.536667 0.288092
0.800833 0.215109
0.468333 0.019206
0.177500 0.482714
0.346667 0.263764
0.184167 0.152369
0.732500 0.061460
0.115000 0.186940
0.998333 0.198464
0.558333 0.006402
0.363333 0.011524
0.861667 0.094750
0.705833 0.530090
0.580000 0.403329
0.041667 0.111396
0.367500 0.057618
0.648333 0.052497
0.501667 0.011524
0.225000 0.225352
0.288333 0.090909
0.708333 0.037132
0.250000 0.111396
0.076667 0.156210
0.997500 0.019206
0.257500 0.577465
0.280000 0.256082
