0.904839 0.826667
0.653226 0.520000
0.387097 0.873333
0.570968 0.736667
0.675806 0.716667
0.103226 0.573333
0.501613 0.460000
0.004839 0.626667
0.008065 0.436667
0.040323 0.460000
0.327419 0.833333
0.779032 0.573333
0.851613 0.960000
0.048387 0.803333
0.714516 0.856667
0.583871 0.533333
0.104839 0.523333
0.619355 0.466667
0.072581 0.640000
0.641935 0.473333
0.056452 0.430000
0.767742 0.506667
0.514516 0.793333
0.737097 0.953333
0.545161 0.590000
0.430645 0.733333
0.303226 0.383333
0.316129 0.403333
0.080645 0.420000
0.500000 0.503333
0.488710 0.656667
0.001613 0.730000
0.991935 0.383333
0.446774 0.566667
0.924194 0.973333
0.940323 0.570000
0.935484 0.430000
0.869355 0.503333
0.666129 0.646667
0.687097 0.793333
0.420968 0.436667
0.561290 0.866667
0.301613 0.193333
0.332258 0.696667
0.554839 0.663333
0.522581 0.476667
0.412903 0.593333
0.604839 0.546667
0.443548 0.806667
0.822581 0.456667
0.475806 0.556667
