0.697917 0.389140
0.703125 0.110106
0.314236 0.239819
0.001736 0.728507
0.322917 0.193062
0.451389 0.107089
0.187500 0.657617
0.782986 0.315234
0.657986 0.024133
0.489583 0.546003
0.428819 0.307692
0.298611 0.126697
0.392361 0.155354
0.343750 0.337858
0.272569 0.333333
0.647569 0.176471
0.916667 0.404223
0.194444 0.247360
0.522569 0.088989
0.170139 0.333333
0.571181 0.022624
0.515625 0.069382
0.470486 0.039216
0.381944 0.283560
0.161458 0.107089
0.029514 0.654600
0.491319 0.416290
0.612847 0.268477
0.692708 0.055807
0.881944 0.648567
0.284722 0.030166
0.626736 0.247360
0.303819 0.099548
0.409722 0.607843
0.491319 0.266968
0.609375 0.147813
0.651042 0.061840
0.569444 0.365008
0.036458 0.930618
0.265625 0.582202
0.440972 0.193062
0.715278 0.128205
0.487847 0.093514
0.734375 0.990950
0.546875 0.233786
0.376736 0.194570
0.465278 0.073906
0.262153 0.276018
0.866319 0.494721
0.703125 0.236802
0.630208 0.791855
0.611111 0.019608
0.133681 0.460030
0.274306 0.520362
0.517361 0.055807
0.421875 0.333333
0.404514 0.030166
0.717014 0.016591
0.748264 0.662142
0.531250 0.306184
0.213542 0.307692
0.621528 0.101056
0.243056 0.206637
0.680556 0.324284
0.550347 0.188537
0.673611 0.055807
0.739583 0.135747
0.142361 0.016591
0.177083 0.906486
0.550347 0.159879
0.381944 0.440422
0.767361 0.227753
0.451389 0.452489
0.135417 0.781297
0.465278 0.321267
0.991319 0.749623
0.635417 0.021116
0.203125 0.484163
0.156250 0.153846
0.661458 0.996983
0.657986 0.170437
0.812500 0.396682
0.524306 0.897436
0.715278 0.182504
0.689236 0.013575
0.213542 0.227753
0.628472 0.343891
0.241319 0.980392
0.333333 0.283560
0.781250 0.256410
0.640625 0.098039
0.701389 0.883861
0.637153 0.310709
0.416667 0.069382
0.605903 0.395173
0.706597 0.319759
0.656250 0.665158
0.423611 0.227753
0.335069 0.553544
0.651042 0.250377
0.682292 0.197587
0.947917 0.455505
0.571181 0.318250
0.302083 0.064857
0.378472 0.217195
0.586806 0.199095
0.178819 0.402715
0.690972 0.152338
0.618056 0.286576
0.550347 0.137255
0.256944 0.628959
0.684028 0.033183
0.744792 0.306184
0.376736 0.559578
0.909722 0.704374
0.930556 0.962293
0.331597 0.702866
0.605903 0.092006
0.394097 0.055807
0.805556 0.766214
0.930556 0.859729
0.368056 0.348416
0.696181 0.217195
0.723958 0.060332
0.446181 0.580694
0.496528 0.696833
0.546875 0.067873
0.329861 0.102564
0.623264 0.446456
0.338542 0.218703
0.144097 0.405732
0.751736 0.040724
0.027778 0.530920
0.123264 0.625943
0.454861 0.085973
0.526042 0.336350
0.489583 0.585219
0.739583 0.063348
0.260417 0.361991
0.496528 0.218703
0.388889 0.475113
0.199653 0.781297
0.385417 0.300151
0.307292 0.894419
0.545139 0.764706
0.086806 0.440422
0.399306 0.720965
0.322917 0.164404
0.859375 0.361991
0.423611 0.134238
0.767361 0.425339
0.821181 0.506787
0.621528 0.927602
0.762153 0.093514
0.208333 0.533937
0.270833 0.138763
0.467014 0.123680
0.744792 0.384615
0.411458 0.238311
0.798611 0.279035
0.595486 0.343891
0.664931 0.515837
0.519097 0.247360
0.574653 0.119155
0.482639 0.021116
0.270833 0.187029
0.666667 0.102564
0.611111 0.539970
0.519097 0.152338
0.763889 0.206637
0.744792 0.476621
0.642361 0.146305
0.472222 0.084465
0.789931 0.467572
0.550347 0.107089
0.387153 0.956259
0.637153 0.078431
0.595486 0.028658
0.315972 0.434389
0.449653 0.021116
0.430556 0.787330
0.857639 0.437406
0.361111 0.114630
0.727431 0.096531
0.250000 0.250377
0.640625 0.212670
0.739583 0.695324
0.767361 0.628959
0.380208 0.256410
0.428819 0.012066
0.302083 0.256410
0.536458 0.117647
0.470486 0.829563
0.461806 0.247360
0.774306 0.039216
0.553819 0.524887
0.217014 0.723982
0.381944 0.058824
0.604167 0.628959
0.550347 0.248869
0.862847 0.018100
0.769097 0.544495
0.645833 0.266968
0.939236 0.555053
0.696181 0.043741
0.243056 0.072398
0.336806 0.063348
0.708333 0.156863
0.678819 0.358974
0.538194 0.447964
0.956597 0.612368
0.670139 0.472097
0.595486 0.072398
0.055556 0.180995
0.611111 0.469080
0.621528 0.330317
0.116319 0.046757
0.418403 0.280543
0.310764 0.384615
0.965278 0.523379
0.717014 0.146305
0.298611 0.150830
0.378472 0.384615
0.149306 0.846154
0.779514 0.016591
0.531250 0.227753
0.520833 0.464555
0.739583 0.334842
0.093750 0.544495
0.430556 0.182504
0.869792 0.794872
0.395833 0.120664
0.729167 0.037707
0.564236 0.033183
0.569444 0.111614
0.291667 0.289593
0.553819 0.007541
0.710069 0.072398
0.409722 0.092006
0.227431 0.324284
0.282986 0.122172
0.697917 0.256410
0.607639 0.250377
0.604167 0.057315
0.609375 0.110106
0.413194 0.665158
0.253472 0.469080
0.486111 0.061840
0.118056 0.692308
0.355903 0.170437
0.779514 0.294118
0.958333 0.665158
0.623264 0.165913
0.340278 0.090498
0.326389 0.140271
0.496528 0.067873
0.434028 0.256410
0.567708 0.245852
0.482639 0.131222
0.031250 0.834087
0.824653 0.318250
0.795139 0.909502
0.329861 0.081448
0.743056 0.791855
0.718750 0.297134
0.657986 0.132730
0.326389 0.493213
0.460069 0.046757
0.725694 0.570136
0.704861 0.440422
0.444444 0.067873
0.583333 0.155354
0.210069 0.066365
0.836806 0.847662
0.256944 0.386124
0.750000 0.170437
0.618056 0.034691
0.409722 0.215686
0.194444 0.273002
0.482639 0.078431
0.638889 0.402715
0.336806 0.129713
0.220486 0.033183
0.723958 0.215686
0.657986 0.333333
0.543403 0.025641
0.456597 0.479638
0.633681 0.110106
0.970486 0.812971
0.631944 0.135747
0.569444 0.435897
0.241319 0.411765
0.317708 0.772247
0.196181 0.057315
0.663194 0.075415
0.368056 0.502262
0.399306 0.066365
0.145833 0.568627
0.479167 0.286576
0.253472 0.019608
0.564236 0.072398
0.664931 0.217195
0.482639 0.196078
0.498264 0.034691
0.751736 0.351433
0.684028 0.085973
0.710069 0.033183
0.467014 0.063348
0.180556 0.006033
0.336806 0.153846
0.744792 0.022624
0.579861 0.108597
0.376736 0.814480
0.717014 0.114630
0.522569 0.013575
0.484375 0.045249
0.298611 0.220211
0.388889 0.137255
0.595486 0.837104
0.421875 0.877828
0.326389 0.117647
0.675347 0.150830
0.343750 0.318250
0.223958 0.006033
0.413194 0.122172
0.449653 0.402715
0.154514 0.363499
0.675347 0.167421
0.529514 0.392157
0.532986 0.003017
0.520833 0.271493
0.354167 0.236802
0.560764 0.573152
0.347222 0.021116
0.112847 0.957768
0.685764 0.301659
0.494792 0.659125
0.253472 0.055807
0.822917 0.693816
0.831597 0.642534
0.467014 0.268477
0.500000 0.099548
0.767361 0.010558
0.444444 0.052790
0.571181 0.049774
0.307292 0.182504
0.661458 0.007541
0.411458 0.165913
0.239583 0.443439
0.597222 0.717949
0.730903 0.117647
0.253472 0.176471
0.401042 0.046757
0.753472 0.007541
0.506944 0.444947
0.583333 0.138763
0.329861 0.393665
0.484375 0.386124
0.621528 0.318250
0.531250 0.049774
0.368056 0.034691
0.604167 0.079940
0.593750 0.490196
0.744792 0.242836
0.477431 0.168929
0.546875 0.479638
0.470486 0.111614
0.472222 0.235294
0.817708 0.588235
0.255208 0.232278
0.321181 0.591252
0.607639 0.224736
0.574653 0.291101
0.444444 0.177979
0.368056 0.147813
0.064236 0.487179
0.574653 0.628959
0.046875 0.592760
0.213542 0.342383
0.206597 0.604827
0.687500 0.276018
0.458333 0.152338
0.465278 0.179487
0.522569 0.028658
0.699653 0.589744
0.446181 0.155354
0.600694 0.173454
0.112847 0.366516
0.552083 0.273002
0.671875 0.012066
0.001736 0.182504
0.321181 0.042232
0.678819 0.180995
0.560764 0.218703
0.069444 0.778281
0.684028 0.125189
0.380208 0.168929
0.774306 0.168929
0.588542 0.101056
