0.716833 0.373000
0.657833 0.354250
0.993333 0.397750
0.376833 0.376750
0.572333 0.351250
0.477333 0.374500
0.460833 0.370000
0.678167 0.329500
0.584500 0.390750
0.644833 0.370000
0.352500 0.376750
0.683000 0.347250
0.221667 0.383250
0.523000 0.379750
0.620333 0.412500
0.966167 0.354000
0.568500 0.371750
0.172500 0.348000
0.313333 0.401750
0.628167 0.378750
0.310167 0.363000
0.245000 0.368500
0.431500 0.376750
0.271667 0.362000
0.070667 0.401750
0.816000 0.301500
0.925833 0.354000
0.601833 0.373500
0.404667 0.392750
