0.245833 0.699074
0.994792 0.532407
0.561979 0.512037
0.518229 0.496296
0.745833 0.678704
0.605729 0.512037
0.765104 0.569444
0.650000 0.632407
0.218229 0.702778
0.519271 0.689815
0.920833 0.569444
0.881250 0.590741
0.661458 0.676852
0.439583 0.693519
0.193229 0.703704
0.330729 0.644444
0.748958 0.600000
0.613542 0.654630
0.910417 0.461111
0.871875 0.517593
0.616146 0.506481
0.598958 0.689815
0.581250 0.686111
0.857292 0.445370
0.865104 0.450000
0.508333 0.591667
0.840104 0.500926
0.242188 0.672222
0.687500 0.480556
0.726042 0.542593
0.302604 0.691667
0.377604 0.600000
0.986458 0.572222
0.415625 0.692593
0.539062 0.663889
0.740625 0.587037
0.942187 0.488889
0.757292 0.538889
0.702604 0.537037
0.211979 0.672222
0.862500 0.525926
0.933333 0.666667
0.142187 0.621296
0.217188 0.669444
0.898958 0.457407
0.467708 0.673148
0.547917 0.548148
0.693750 0.612963
0.458333 0.540741
0.462500 0.671296
0.997396 0.486111
0.425521 0.645370
0.654687 0.595370
0.638542 0.637037
0.690625 0.592593
0.152083 0.614815
0.599479 0.648148
0.244271 0.620370
0.922917 0.637037
0.882812 0.431481
0.536458 0.676852
0.736458 0.667593
0.852083 0.550000
0.525521 0.655556
0.722917 0.550926
0.811458 0.537963
0.807292 0.626852
0.702083 0.517593
0.968750 0.588889
0.819792 0.442593
0.444792 0.623148
0.985938 0.412037
0.934375 0.551852
0.668229 0.475000
0.452083 0.624074
0.628125 0.660185
0.254688 0.657407
0.566146 0.657407
0.977083 0.575000
0.292187 0.698148
0.213542 0.700000
0.268229 0.643519
0.685417 0.640741
0.629687 0.399074
0.617708 0.604630
0.996875 0.411111
0.630208 0.644444
0.958854 0.537963
0.471875 0.532407
0.872396 0.530556
0.837500 0.664815
0.197396 0.625000
0.720313 0.570370
0.899479 0.605556
0.686458 0.503704
0.853646 0.436111
0.715104 0.594444
0.912500 0.519444
0.871875 0.487037
0.508854 0.677778
0.632292 0.597222
0.443229 0.595370
0.568229 0.646296
0.684375 0.614815
0.722396 0.542593
0.914583 0.611111
0.869271 0.650926
0.734375 0.492593
0.435417 0.612963
0.169792 0.689815
0.591667 0.601852
0.417187 0.653704
0.598958 0.630556
0.618750 0.556481
0.474479 0.609259
0.324479 0.663889
0.392188 0.614815
0.882812 0.487037
0.823438 0.517593
0.284375 0.660185
0.721354 0.687037
0.356250 0.631481
0.713542 0.687037
0.823958 0.607407
0.977604 0.471296
0.883333 0.571296
0.535937 0.568519
0.180208 0.664815
0.561458 0.589815
0.731250 0.475000
0.375000 0.637963
0.802083 0.627778
0.298958 0.662037
0.814063 0.556481
0.685417 0.656481
0.619271 0.564815
0.302604 0.611111
0.743750 0.687963
0.280729 0.625000
0.454688 0.541667
0.543229 0.549074
0.509896 0.570370
0.891146 0.612963
0.370312 0.540741
0.635417 0.655556
0.784896 0.622222
0.921354 0.424074
0.897917 0.428704
0.370833 0.699074
0.948958 0.538889
0.523438 0.549074
0.762500 0.642593
0.270313 0.665741
0.865625 0.519444
0.633854 0.563889
0.827083 0.536111
0.698438 0.536111
0.634896 0.700926
0.346875 0.702778
0.396354 0.597222
0.486979 0.608333
0.430729 0.517593
0.645833 0.574074
0.789583 0.628704
0.962500 0.450926
0.931250 0.491667
0.845833 0.583333
0.841667 0.472222
0.451562 0.494444
0.761979 0.595370
0.431250 0.693519
0.469792 0.609259
0.378125 0.553704
0.753125 0.680556
0.647396 0.524074
0.822396 0.618519
0.680208 0.401852
0.706250 0.675926
0.522396 0.664815
0.681771 0.664815
0.114062 0.652778
0.165104 0.612963
0.893750 0.458333
0.062500 0.621296
0.630729 0.575926
0.775521 0.629630
0.582292 0.650926
0.260417 0.645370
0.966667 0.430556
0.669271 0.620370
0.009375 0.622222
0.818750 0.548148
0.761458 0.585185
0.796875 0.650926
0.791667 0.633333
0.664583 0.491667
0.868229 0.503704
0.471354 0.514815
0.732812 0.546296
0.904687 0.633333
0.425000 0.564815
0.669271 0.611111
0.831771 0.485185
0.974479 0.487963
0.210938 0.650000
0.417708 0.516667
0.689063 0.571296
0.990104 0.486111
0.943750 0.513889
0.285417 0.696296
0.646875 0.512037
0.662500 0.594444
0.920833 0.519444
0.583854 0.622222
0.957812 0.594444
0.775000 0.641667
0.594792 0.631481
0.940104 0.524074
0.662500 0.647222
0.599479 0.620370
0.489063 0.692593
0.490625 0.608333
0.584375 0.526852
0.750000 0.463889
0.492708 0.509259
0.244792 0.686111
0.808333 0.445370
0.834375 0.447222
0.536979 0.529630
0.679167 0.648148
0.743229 0.546296
0.607292 0.599074
0.694792 0.571296
0.878125 0.517593
0.593750 0.675000
0.438021 0.631481
0.835417 0.500926
0.710417 0.468519
0.308854 0.662963
0.784896 0.598148
0.615625 0.661111
0.478646 0.691667
0.560417 0.630556
0.417708 0.599074
0.925521 0.447222
0.502083 0.493519
0.566146 0.496296
0.410417 0.548148
0.835938 0.547222
0.884375 0.521296
0.402083 0.625926
0.520312 0.610185
0.893229 0.509259
0.197917 0.609259
0.969271 0.500000
0.759375 0.501852
0.730208 0.681481
0.945833 0.477778
0.895833 0.597222
0.646354 0.608333
0.502083 0.630556
0.968750 0.415741
0.684896 0.600000
0.856250 0.525000
0.694792 0.634259
0.632292 0.502778
0.402083 0.672222
0.513542 0.495370
0.409896 0.529630
0.332813 0.691667
0.458333 0.515741
0.072917 0.705556
0.497396 0.495370
0.340625 0.662963
0.642188 0.675000
0.420833 0.691667
0.179167 0.687963
0.536458 0.659259
0.898438 0.474074
0.649479 0.657407
0.845313 0.546296
0.641667 0.516667
0.740104 0.552778
0.333333 0.564815
0.329688 0.564815
0.596354 0.639815
0.518750 0.577778
0.373437 0.564815
0.546354 0.669444
0.491667 0.587037
0.255729 0.719444
0.755208 0.591667
0.223958 0.638889
0.765104 0.635185
0.784375 0.451852
0.950521 0.451852
0.548958 0.628704
0.548958 0.650926
0.685417 0.571296
0.916667 0.532407
0.406250 0.625000
0.883333 0.542593
0.877083 0.467593
0.618229 0.675926
0.296875 0.629630
0.618229 0.598148
0.975521 0.524074
0.577083 0.600926
0.866146 0.595370
0.844271 0.527778
0.149479 0.705556
0.825521 0.485185
0.516146 0.538889
0.777083 0.510185
0.756250 0.565741
0.288542 0.655556
0.616667 0.688889
0.519271 0.676852
0.386979 0.619444
0.738021 0.655556
0.582812 0.602778
0.667188 0.677778
0.470313 0.594444
0.585417 0.495370
0.485417 0.666667
0.300000 0.605556
0.337500 0.597222
0.703646 0.574074
0.768750 0.475926
0.897917 0.545370
0.264062 0.698148
0.353646 0.697222
0.029167 0.622222
0.928646 0.543519
0.865104 0.530556
0.418750 0.621296
0.439063 0.625000
0.716667 0.521296
0.636458 0.482407
0.845313 0.562963
0.761979 0.483333
0.770833 0.686111
0.251042 0.605556
0.528125 0.686111
0.351042 0.629630
0.243750 0.630556
0.850000 0.514815
0.361458 0.694444
0.304688 0.629630
0.640104 0.574074
0.733854 0.566667
0.880729 0.448148
0.634896 0.616667
0.261458 0.623148
0.244792 0.640741
0.408854 0.566667
0.222396 0.610185
0.418750 0.628704
0.694271 0.462963
0.902083 0.593519
0.682292 0.595370
0.554688 0.519444
0.246875 0.608333
0.877083 0.487963
0.768229 0.595370
0.839583 0.588889
0.713542 0.607407
0.319792 0.586111
0.650521 0.515741
0.378125 0.614815
0.600000 0.546296
0.877083 0.542593
0.524479 0.611111
0.368229 0.554630
0.355729 0.536111
0.463021 0.494444
0.703646 0.501852
0.737500 0.493519
0.884896 0.603704
0.709375 0.545370
0.466667 0.491667
0.507292 0.621296
0.558333 0.652778
0.453125 0.554630
0.329688 0.618519
0.815104 0.593519
0.879167 0.548148
0.155729 0.686111
0.439583 0.526852
0.361979 0.662037
0.543750 0.591667
0.220312 0.658333
0.596354 0.600926
0.513542 0.689815
0.597917 0.625000
0.445833 0.694444
0.700521 0.559259
0.339062 0.648148
0.210417 0.611111
0.483854 0.591667
0.656250 0.647222
0.481250 0.579630
0.468750 0.648148
0.645833 0.622222
0.410417 0.625926
0.342187 0.564815
0.610938 0.578704
0.890625 0.522222
0.794792 0.467593
0.820312 0.578704
0.601042 0.638889
0.387500 0.543519
0.507292 0.506481
0.719271 0.655556
0.891667 0.683333
0.698958 0.675926
0.859896 0.573148
0.803125 0.597222
0.334375 0.662037
0.592187 0.640741
0.775000 0.593519
0.919271 0.452778
0.334375 0.640741
0.897917 0.516667
0.830729 0.547222
0.798438 0.487963
0.350521 0.547222
0.541146 0.490741
0.645833 0.600000
0.592708 0.570370
0.660417 0.636111
0.641667 0.688889
0.301042 0.643519
0.717708 0.621296
0.981250 0.536111
0.419792 0.550000
0.947917 0.461111
0.276562 0.699074
0.425000 0.543519
0.681771 0.502778
0.789583 0.622222
0.623958 0.564815
0.712500 0.622222
0.406250 0.597222
0.251563 0.628704
0.496875 0.580556
0.629167 0.602778
0.539583 0.573148
0.747917 0.542593
0.887500 0.585185
0.720833 0.646296
0.818750 0.635185
0.821875 0.486111
0.426563 0.594444
0.921354 0.544444
0.321354 0.565741
0.212500 0.634259
0.451562 0.654630
0.806771 0.556481
0.513021 0.677778
0.839063 0.577778
0.450521 0.501852
0.513542 0.660185
0.633854 0.548148
0.614062 0.555556
0.886979 0.445370
0.934375 0.599074
0.620313 0.520370
0.360417 0.578704
0.602604 0.481481
0.610938 0.542593
0.430208 0.632407
0.804167 0.487037
0.921354 0.536111
0.629167 0.687963
0.594271 0.557407
0.771875 0.450000
0.435417 0.660185
0.741146 0.476852
0.724479 0.655556
0.646354 0.689815
0.781771 0.564815
0.654687 0.474074
0.929688 0.645370
0.532292 0.489815
0.647396 0.472222
0.626563 0.487963
0.337500 0.564815
0.444792 0.500926
0.723958 0.515741
0.504167 0.689815
0.681250 0.604630
0.020833 0.623148
0.922917 0.648148
0.860938 0.544444
0.629687 0.564815
0.676562 0.604630
0.782292 0.631481
0.735938 0.649074
0.771875 0.470370
0.232292 0.650000
0.503646 0.621296
0.876563 0.536111
0.301042 0.700926
0.086458 0.620370
0.691667 0.502778
0.501563 0.556481
0.833333 0.599074
0.758333 0.525926
0.545312 0.653704
0.401562 0.598148
0.295312 0.675000
0.630729 0.622222
0.536979 0.486111
0.917188 0.476852
0.856771 0.491667
0.937500 0.599074
0.392188 0.636111
0.905208 0.546296
0.550000 0.618519
0.705208 0.462963
0.907813 0.575000
0.732292 0.655556
0.480208 0.512963
0.875521 0.687037
0.934896 0.453704
0.552083 0.487963
0.918750 0.603704
0.496354 0.550000
0.625000 0.464815
0.917708 0.522222
0.375000 0.676852
0.877083 0.610185
0.452604 0.612037
0.796875 0.552778
0.052083 0.684259
0.844792 0.588889
0.731771 0.561111
0.406771 0.612963
0.536458 0.556481
0.861979 0.616667
0.919271 0.579630
0.706771 0.535185
0.931250 0.421296
0.370833 0.676852
0.532292 0.572222
0.475521 0.587963
0.129167 0.698148
0.896354 0.582407
0.631771 0.628704
0.587500 0.612037
0.476562 0.512963
0.298438 0.670370
0.433333 0.553704
0.791667 0.583333
0.752604 0.462963
0.869792 0.524074
0.615104 0.520370
0.780729 0.590741
0.511979 0.584259
0.451042 0.542593
0.334896 0.617593
0.204687 0.624074
0.627083 0.503704
0.616667 0.619444
0.701562 0.463889
0.563021 0.641667
0.553125 0.612037
0.373437 0.554630
0.461458 0.633333
0.442708 0.652778
0.479687 0.548148
0.315625 0.611111
0.605729 0.555556
0.343229 0.638889
0.495833 0.632407
0.563021 0.587963
0.676562 0.640741
0.290625 0.636111
0.975521 0.500000
0.329688 0.663889
0.752604 0.654630
0.099479 0.654630
0.761979 0.496296
0.236979 0.636111
0.704688 0.627778
0.798958 0.630556
0.644271 0.643519
0.445833 0.513889
0.753125 0.629630
0.971354 0.513889
0.926042 0.424074
0.502083 0.689815
0.383333 0.535185
0.269271 0.634259
0.495312 0.696296
0.810937 0.549074
0.926042 0.675000
0.597396 0.668519
0.994271 0.500926
0.888542 0.516667
0.511979 0.615741
0.249479 0.695370
0.827083 0.529630
0.239583 0.640741
0.912500 0.525926
0.510417 0.559259
0.274479 0.609259
0.325521 0.565741
0.619271 0.507407
0.583854 0.687963
0.921875 0.611111
0.930208 0.535185
0.679688 0.547222
0.826042 0.664815
0.867188 0.488889
0.952083 0.597222
0.689583 0.635185
0.364583 0.555556
0.406771 0.578704
0.473958 0.673148
0.825000 0.547222
0.870313 0.448148
0.559896 0.658333
0.482812 0.608333
0.479687 0.636111
0.960417 0.552778
0.254167 0.686111
0.567708 0.586111
0.488021 0.538889
0.837500 0.594444
0.933333 0.509259
0.290625 0.662037
0.698438 0.627778
0.601562 0.572222
0.814583 0.444444
0.273958 0.633333
0.769792 0.612037
0.579688 0.533333
0.851042 0.491667
0.730729 0.606481
0.939063 0.477778
0.256771 0.700000
0.955729 0.450000
0.482812 0.613889
0.080729 0.622222
0.442708 0.557407
0.564063 0.597222
0.191667 0.628704
0.389062 0.528704
0.402604 0.590741
0.846875 0.600926
0.593229 0.578704
0.996875 0.562963
0.923438 0.528704
0.167708 0.697222
0.461979 0.540741
0.431250 0.593519
0.889583 0.572222
0.795833 0.592593
0.447917 0.661111
0.851042 0.588889
0.639583 0.481481
0.276042 0.664815
0.719792 0.588889
0.678646 0.523148
0.292708 0.655556
0.725521 0.643519
0.909375 0.437963
0.809896 0.608333
0.919792 0.511111
0.281250 0.684259
0.395833 0.578704
0.572917 0.507407
0.554688 0.622222
0.522396 0.583333
0.530729 0.567593
0.387500 0.611111
0.383854 0.695370
0.458854 0.524074
0.411979 0.597222
0.801042 0.609259
0.355729 0.582407
0.548438 0.487963
0.339062 0.616667
0.389062 0.627778
0.911458 0.537963
0.811458 0.637963
0.609896 0.650000
0.581250 0.496296
0.371875 0.690741
0.777083 0.449074
0.359375 0.600000
0.868229 0.436111
0.980729 0.493519
0.422917 0.571296
0.434896 0.517593
0.160938 0.687963
0.236979 0.650000
0.560417 0.687963
0.738021 0.509259
0.378646 0.626852
0.989583 0.562963
0.528125 0.521296
0.066667 0.622222
0.517188 0.624074
0.638021 0.629630
0.673958 0.676852
0.597917 0.481481
0.365104 0.541667
0.785417 0.583333
0.631250 0.553704
0.276562 0.687037
0.918229 0.435185
0.967708 0.524074
0.986458 0.581481
0.646354 0.682407
0.201042 0.650926
0.938542 0.625000
0.928125 0.504630
0.738021 0.564815
0.229167 0.628704
0.159375 0.614815
0.113542 0.617593
0.124479 0.619444
0.472917 0.549074
0.459375 0.625926
0.056250 0.619444
0.765625 0.505556
0.508333 0.693519
0.537500 0.689815
0.766667 0.468519
0.569271 0.630556
0.609375 0.475926
0.613021 0.617593
0.757812 0.498148
0.131250 0.622222
0.575521 0.667593
0.752604 0.668519
0.760417 0.600926
0.185417 0.665741
0.987500 0.458333
0.403646 0.539815
0.833333 0.359259
0.770312 0.516667
0.531771 0.530556
0.864583 0.626852
0.366146 0.600926
0.231250 0.698148
0.795833 0.581481
0.639583 0.546296
0.950000 0.604630
0.246875 0.658333
0.874479 0.501852
0.735938 0.635185
0.912500 0.476852
0.279167 0.660185
0.102083 0.617593
0.503646 0.677778
0.760417 0.636111
0.814063 0.516667
0.257292 0.666667
0.235937 0.640741
0.356771 0.567593
0.988021 0.514815
0.615625 0.544444
0.548958 0.688889
0.994792 0.539815
0.754167 0.612963
0.775521 0.475000
0.174479 0.697222
0.181250 0.699074
0.445833 0.629630
0.924479 0.437963
0.764062 0.668519
0.722917 0.495370
0.358854 0.682407
0.712500 0.601852
0.329688 0.602778
0.505208 0.586111
0.392188 0.591667
0.930208 0.523148
0.747917 0.558333
0.529167 0.689815
0.561979 0.668519
0.667708 0.661111
0.641146 0.654630
0.409375 0.642593
0.310937 0.646296
0.437500 0.506481
0.694271 0.695370
0.534375 0.624074
0.989062 0.612963
0.708333 0.524074
0.354687 0.545370
0.886458 0.595370
0.907813 0.426852
0.540104 0.624074
0.595313 0.500926
0.632812 0.459259
0.322396 0.637037
0.503125 0.506481
0.428125 0.554630
0.586979 0.601852
0.505729 0.559259
0.913542 0.512963
0.095312 0.615741
0.904687 0.456481
0.876563 0.626852
0.952604 0.487963
0.613021 0.476852
0.518229 0.548148
0.827083 0.577778
0.690104 0.598148
0.588542 0.585185
0.877083 0.548148
0.758333 0.608333
0.875000 0.583333
0.680208 0.470370
0.266667 0.632407
0.805729 0.580556
0.473958 0.694444
0.914062 0.645370
0.216667 0.644444
0.321875 0.683333
0.903125 0.577778
0.492188 0.664815
0.751042 0.542593
0.265104 0.607407
0.741667 0.635185
0.178125 0.613889
0.326562 0.644444
0.265625 0.667593
0.968750 0.575000
0.670833 0.639815
0.934375 0.522222
0.858333 0.550926
0.822396 0.590741
0.575521 0.573148
0.537500 0.629630
0.683854 0.549074
0.588021 0.569444
0.961458 0.476852
0.963021 0.519444
0.725521 0.594444
0.955729 0.507407
0.592708 0.620370
0.801042 0.557407
0.238021 0.623148
0.931771 0.625000
0.542188 0.562037
0.292708 0.620370
0.746875 0.625000
0.545312 0.496296
0.467708 0.540741
0.766667 0.455556
0.719271 0.476852
0.443750 0.612037
0.105729 0.617593
0.705729 0.470370
0.589063 0.626852
0.743229 0.565741
0.270833 0.698148
0.568750 0.604630
0.558333 0.668519
0.946354 0.591667
0.681771 0.544444
0.981250 0.515741
0.914583 0.544444
0.519271 0.563889
0.711458 0.628704
0.359375 0.662037
0.816146 0.586111
0.603646 0.624074
0.308854 0.629630
0.315625 0.643519
0.756250 0.482407
0.660417 0.505556
0.953646 0.461111
0.967187 0.539815
0.930729 0.446296
0.052604 0.694444
0.886979 0.465741
0.384896 0.629630
0.503125 0.637963
0.851562 0.629630
0.850521 0.581481
0.955729 0.587963
0.290104 0.676852
0.983854 0.469444
0.172917 0.704630
0.940625 0.591667
0.712500 0.461111
0.507292 0.664815
0.528646 0.578704
0.723958 0.609259
0.202083 0.612037
0.481250 0.565741
0.252083 0.671296
0.726562 0.559259
0.314063 0.628704
0.604167 0.689815
0.627083 0.552778
0.863542 0.435185
0.882812 0.465741
0.870833 0.537037
0.792188 0.687037
0.476042 0.577778
0.650521 0.675000
0.584896 0.575000
0.748437 0.640741
0.671354 0.604630
0.872396 0.608333
0.439583 0.513889
0.192188 0.611111
0.847396 0.645370
0.925000 0.580556
0.383854 0.664815
0.573958 0.662963
0.271354 0.644444
0.769271 0.605556
0.626042 0.575000
0.223958 0.626852
0.769792 0.583333
0.353125 0.533333
0.790625 0.650926
0.373437 0.668519
0.486979 0.635185
0.879687 0.528704
0.393750 0.540741
0.429688 0.620370
0.672396 0.593519
0.234896 0.702778
0.355208 0.682407
0.106250 0.652778
0.382292 0.616667
0.314063 0.679630
0.666146 0.594444
0.582812 0.662963
0.454167 0.689815
0.513021 0.623148
0.534375 0.691667
0.789583 0.448148
0.135417 0.619444
0.451042 0.632407
0.370312 0.602778
0.581771 0.615741
0.651042 0.643519
0.347917 0.645370
0.168229 0.654630
0.578125 0.616667
0.754687 0.641667
0.344271 0.667593
0.638542 0.610185
0.351562 0.675926
0.986458 0.525000
0.516667 0.649074
0.369792 0.621296
0.908333 0.529630
0.182812 0.612963
0.911979 0.425926
0.939063 0.421296
0.951042 0.508333
0.554688 0.540741
0.439063 0.611111
0.666667 0.688889
0.688021 0.665741
0.907292 0.600926
0.609375 0.603704
0.215625 0.649074
0.604688 0.668519
0.423958 0.623148
0.413021 0.614815
0.620833 0.662037
0.698958 0.644444
0.673438 0.560185
0.714583 0.551852
0.360417 0.652778
0.780208 0.477778
0.832292 0.616667
0.745313 0.504630
0.614062 0.604630
0.992708 0.492593
0.946354 0.520370
0.289062 0.697222
0.461979 0.663889
0.846354 0.443519
0.717187 0.600926
0.730729 0.336111
0.606250 0.542593
0.939063 0.509259
0.857812 0.627778
0.741146 0.463889
0.569271 0.667593
0.872917 0.597222
0.742188 0.650000
0.946354 0.637963
0.249479 0.687037
0.993229 0.454630
0.677604 0.502778
0.795833 0.566667
0.692708 0.598148
0.610417 0.685185
0.736458 0.625926
0.582292 0.584259
0.750521 0.475926
0.974479 0.444444
0.660417 0.689815
0.855208 0.545370
0.314063 0.710185
0.532813 0.563889
0.604688 0.634259
0.419792 0.559259
0.598437 0.557407
0.496875 0.609259
0.623958 0.602778
0.971354 0.581481
0.960417 0.487037
0.835938 0.585185
0.504687 0.659259
0.471875 0.667593
0.252604 0.708333
0.464583 0.610185
0.250000 0.658333
0.675521 0.664815
0.475000 0.651852
0.385937 0.614815
0.528646 0.642593
0.363542 0.683333
0.819792 0.596296
0.464062 0.687037
0.666146 0.523148
0.691146 0.658333
0.658333 0.593519
0.755208 0.535185
0.604688 0.603704
0.436979 0.558333
0.528646 0.611111
0.419271 0.635185
0.794792 0.612963
0.729688 0.589815
0.545312 0.611111
0.908854 0.492593
0.789062 0.466667
0.669792 0.537963
0.670833 0.662963
0.395313 0.662037
0.828646 0.518519
0.773958 0.659259
0.615104 0.649074
0.417708 0.663889
0.746875 0.608333
0.431250 0.562963
0.395313 0.694444
0.806250 0.613889
0.483333 0.504630
0.526563 0.571296
0.411979 0.514815
0.238542 0.686111
0.389583 0.595370
0.232292 0.640741
0.656771 0.545370
0.278646 0.583333
0.839583 0.641667
0.482292 0.537963
0.347396 0.533333
0.351562 0.592593
0.360417 0.646296
0.577604 0.662963
0.165625 0.646296
0.696354 0.600000
0.745833 0.666667
0.530729 0.630556
0.461458 0.515741
0.962500 0.415741
0.323958 0.577778
0.553646 0.628704
0.359375 0.534259
0.935417 0.536111
0.705208 0.668519
0.659375 0.474074
0.476042 0.688889
0.344792 0.600000
0.740625 0.612963
0.364063 0.650000
0.975000 0.541667
0.846875 0.472222
0.787500 0.659259
0.686979 0.542593
0.765625 0.649074
0.466667 0.513889
0.447917 0.687963
0.620313 0.649074
0.277083 0.642593
0.281250 0.695370
0.900521 0.539815
0.655208 0.653704
0.554688 0.588889
0.988542 0.493519
0.822917 0.530556
0.842708 0.445370
0.166146 0.690741
0.186979 0.612963
0.547917 0.637037
0.311979 0.594444
0.572917 0.492593
0.247396 0.671296
0.948958 0.564815
0.201563 0.643519
0.759375 0.626852
0.945312 0.509259
0.401562 0.634259
0.997396 0.510185
0.477083 0.495370
0.931771 0.571296
0.217708 0.608333
0.387500 0.637963
0.635417 0.643519
0.508854 0.634259
0.502083 0.537037
0.172917 0.614815
0.464062 0.591667
0.677604 0.553704
0.557292 0.688889
0.356771 0.648148
0.652083 0.610185
0.668750 0.494444
0.314583 0.697222
0.703646 0.612037
0.322396 0.697222
0.308333 0.594444
0.375000 0.617593
0.654167 0.529630
0.667188 0.528704
0.544271 0.488889
0.507812 0.488889
0.281250 0.675000
0.445833 0.525000
0.616146 0.568519
0.513021 0.664815
0.810937 0.581481
0.150521 0.639815
0.479167 0.673148
0.988542 0.542593
0.852604 0.575926
0.321875 0.609259
0.440625 0.641667
0.232292 0.636111
0.341146 0.691667
0.405208 0.524074
0.514062 0.569444
0.887500 0.429630
0.704688 0.640741
0.942187 0.602778
0.472396 0.497222
0.742188 0.525000
0.452083 0.515741
0.811458 0.625926
0.416146 0.675000
0.549479 0.515741
0.479167 0.609259
0.778646 0.625926
0.670833 0.469444
0.336979 0.583333
0.860417 0.608333
0.621354 0.637963
0.644271 0.472222
0.625000 0.686111
0.541146 0.650926
0.793750 0.598148
0.877604 0.595370
0.494271 0.617593
0.830729 0.664815
0.803646 0.689815
0.247917 0.637963
0.961458 0.430556
0.671354 0.572222
0.832812 0.526852
0.347396 0.574074
0.649479 0.601852
0.599479 0.603704
0.591667 0.611111
0.914583 0.599074
0.558854 0.617593
0.374479 0.625926
0.810417 0.505556
0.466146 0.634259
0.772396 0.509259
0.607812 0.700000
0.748958 0.529630
0.531250 0.648148
0.887500 0.530556
0.108854 0.617593
0.264062 0.644444
0.902083 0.690741
0.831250 0.540741
0.614062 0.599074
0.554167 0.662963
0.876042 0.448148
0.463021 0.649074
0.542188 0.496296
0.232813 0.685185
0.477083 0.531481
0.980208 0.563889
0.051562 0.625926
0.662500 0.629630
0.608333 0.512963
0.941667 0.544444
0.795833 0.625000
0.988542 0.535185
0.735938 0.473148
0.727604 0.509259
0.466146 0.667593
0.277604 0.634259
0.857292 0.578704
0.886458 0.507407
0.840625 0.598148
0.490625 0.647222
0.438542 0.593519
0.262500 0.687037
0.670833 0.448148
0.255208 0.625000
0.666667 0.572222
0.511458 0.524074
0.878125 0.432407
0.427083 0.658333
0.364063 0.601852
0.661979 0.407407
0.455729 0.591667
0.763542 0.616667
0.612500 0.506481
0.692708 0.575926
0.968229 0.450926
0.576042 0.492593
0.901042 0.510185
0.692708 0.561111
0.822917 0.524074
0.530729 0.659259
0.465104 0.693519
0.273438 0.675000
0.383854 0.599074
0.611458 0.567593
0.365104 0.626852
0.788542 0.565741
0.510417 0.659259
0.712500 0.567593
0.670833 0.523148
0.655208 0.673148
0.720833 0.611111
0.381771 0.628704
0.835417 0.687963
0.353646 0.662963
0.228125 0.612037
0.311979 0.699074
0.455208 0.645370
0.117708 0.616667
0.596875 0.532407
0.694271 0.521296
0.580208 0.629630
0.886979 0.633333
0.457813 0.493519
0.516667 0.666667
0.838542 0.527778
0.763542 0.687963
0.663021 0.659259
0.905729 0.538889
0.159375 0.647222
0.554688 0.487037
0.545312 0.687037
0.973958 0.590741
0.710938 0.590741
0.804688 0.372222
0.887500 0.458333
0.805729 0.505556
0.664062 0.475926
0.688542 0.531481
0.756771 0.648148
0.997917 0.612963
0.745833 0.463889
0.347917 0.617593
0.205208 0.650000
0.379167 0.656481
0.816667 0.487037
0.173437 0.689815
0.850000 0.525926
0.803125 0.549074
0.980208 0.522222
0.675000 0.471296
0.761979 0.458333
0.918229 0.665741
0.625521 0.523148
0.688021 0.468519
0.359896 0.554630
0.484896 0.651852
0.970833 0.569444
0.516667 0.615741
0.305208 0.655556
0.866667 0.617593
0.950521 0.577778
0.625000 0.662963
0.736458 0.592593
0.380729 0.600000
0.542188 0.670370
0.855729 0.683333
0.897917 0.569444
0.651042 0.574074
0.882292 0.626852
0.256250 0.605556
0.860938 0.490741
0.393750 0.530556
0.644271 0.616667
0.721354 0.459259
0.881250 0.586111
0.656250 0.689815
0.532813 0.604630
0.892188 0.503704
0.207292 0.632407
0.781250 0.659259
0.183854 0.687037
0.929167 0.600926
0.922396 0.500000
0.210417 0.669444
0.629687 0.653704
0.231250 0.611111
0.586979 0.651852
0.619792 0.489815
0.690104 0.619444
0.644792 0.583333
0.784375 0.652778
0.844271 0.577778
0.935417 0.475000
0.544271 0.615741
0.568229 0.690741
0.558333 0.519444
0.539062 0.549074
0.747396 0.654630
0.566146 0.630556
0.328125 0.679630
0.721875 0.595370
0.366667 0.654630
0.790104 0.608333
0.485938 0.523148
0.592187 0.650926
0.838021 0.445370
0.073438 0.622222
0.448958 0.639815
0.660417 0.490741
0.457813 0.611111
0.776042 0.612963
0.604688 0.520370
0.543229 0.628704
0.740625 0.668519
0.343229 0.618519
0.903646 0.427778
0.570833 0.689815
0.756250 0.597222
0.658333 0.615741
0.607292 0.522222
0.830208 0.589815
0.701042 0.597222
0.552604 0.547222
0.866667 0.608333
0.657292 0.661111
0.550000 0.667593
0.540625 0.637037
0.655208 0.490741
0.954688 0.518519
0.038542 0.622222
