0.121094 0.651042
0.428711 0.798177
0.400391 0.632812
0.154297 0.765625
0.025391 0.665365
0.119141 0.709635
0.383789 0.619792
0.338867 0.654948
0.645508 0.585938
0.850586 0.563802
0.369141 0.591146
0.057617 0.661458
0.574219 0.638021
0.287109 0.746094
0.644531 0.597656
0.617188 0.628906
0.364258 0.647135
0.111328 0.686198
0.465820 0.722656
0.815430 0.675781
0.375000 0.593750
0.082031 0.721354
0.352539 0.645833
0.012695 0.692708
0.972656 0.552083
0.748047 0.596354
0.367188 0.802083
0.397461 0.609375
0.714844 0.574219
0.514648 0.792969
0.070312 0.683594
0.300781 0.658854
0.281250 0.666667
0.135742 0.662760
0.635742 0.628906
0.366211 0.609375
0.611328 0.601562
0.591797 0.626302
0.354492 0.621094
0.434570 0.649740
0.327148 0.687500
0.008789 0.772135
0.480469 0.675781
0.278320 0.632812
0.272461 0.763021
0.745117 0.578125
0.535156 0.626302
0.279297 0.790365
0.144531 0.743490
0.007812 0.679688
0.069336 0.787760
0.781250 0.592448
0.108398 0.946615
0.357422 0.578125
0.367188 0.710938
0.671875 0.580729
0.503906 0.744792
0.446289 0.722656
0.499023 0.682292
0.100586 0.700521
0.341797 0.600260
0.609375 0.627604
0.096680 0.661458
0.381836 0.822917
0.857422 0.589844
0.066406 0.727865
0.036133 0.967448
0.329102 0.779948
0.500000 0.837240
0.671875 0.696615
0.574219 0.546875
0.793945 0.579427
0.703125 0.686198
0.402344 0.615885
0.144531 0.712240
0.584961 0.601562
0.845703 0.807292
0.954102 0.563802
0.741211 0.588542
0.209961 0.779948
0.728516 0.578125
0.321289 0.713542
0.419922 0.769531
0.035156 0.691406
0.143555 0.683594
0.791016 0.701823
0.626953 0.885417
0.809570 0.580729
0.028320 0.760417
0.686523 0.618490
0.385742 0.632812
0.424805 0.644531
0.322266 0.602865
0.365234 0.622396
0.303711 0.759115
0.038086 0.785156
0.619141 0.597656
0.087891 0.692708
0.563477 0.596354
