0.780138 0.289427
0.322242 0.969086
0.014589 0.061828
0.449706 0.047491
0.783466 0.428315
0.506783 0.588262
0.543128 0.168459
0.821602 0.508065
0.126696 0.913082
0.335808 0.188620
0.649347 0.961022
0.940363 0.724014
0.660097 0.316756
0.411313 0.102599
0.373688 0.635305
0.512414 0.273746
0.359099 0.417563
0.720758 0.494176
0.000768 0.579301
0.985155 0.348566
0.282314 0.425627
0.547735 0.637097
0.724341 0.439068
0.435628 0.053315
0.175070 0.372312
0.250320 0.264785
0.156386 0.005824
0.586127 0.468190
0.590991 0.030466
0.139749 0.114695
0.785769 0.561380
0.532890 0.287186
0.325825 0.501344
0.570514 0.053315
0.167136 0.993280
0.902739 0.946237
0.977476 0.526434
0.518045 0.864247
0.055797 0.293907
0.286409 0.348118
0.338879 0.008961
0.393396 0.532258
0.564884 0.172043
0.397236 0.461918
0.239314 0.030914
0.697210 0.561380
0.852316 0.842742
0.355772 0.109319
0.588175 0.520161
0.588943 0.276882
0.951369 0.468190
0.865882 0.587366
0.806757 0.336918
0.386486 0.970430
0.757870 0.271057
0.007167 0.441756
0.715639 0.587814
0.717942 0.920251
0.645764 0.907706
0.703353 0.366935
0.355260 0.120072
0.435628 0.622312
0.840031 0.188620
0.565139 0.220878
0.975685 0.182348
0.142053 0.213710
0.625032 0.244176
0.618121 0.565412
0.780394 0.172939
0.001280 0.237455
0.712311 0.123656
0.497057 0.101254
0.425390 0.406810
0.197850 0.231631
0.069107 0.066756
0.691579 0.235663
0.602252 0.321685
0.931149 0.582885
0.295879 0.051075
0.058101 0.343638
0.852572 0.459677
0.161249 0.100358
0.653698 0.654570
0.650115 0.370520
0.209368 0.919355
0.166624 0.509857
0.968774 0.681004
0.292296 0.909050
0.858971 0.721774
0.583312 0.421147
0.076785 0.354391
0.319683 0.250896
0.233939 0.944444
0.826977 0.121416
0.047863 0.913082
0.726133 0.317204
0.893268 0.534946
0.623240 0.114247
0.492961 0.478943
0.913489 0.446237
0.643205 0.280018
0.751984 0.478047
0.374712 0.012545
0.276939 0.004928
0.704633 0.560932
0.663681 0.474910
0.623752 0.617384
0.393396 0.355735
0.784745 0.694444
0.685692 0.909946
0.536473 0.007168
0.471717 0.281810
0.834400 0.284498
0.093166 0.128584
0.429486 0.014337
0.067827 0.951613
0.057333 0.986111
0.396724 0.300179
0.755311 0.659050
0.816995 0.760305
0.546711 0.016129
0.489890 0.018817
0.684157 0.687276
0.971589 0.935036
0.262350 0.612903
0.490914 0.357975
0.521116 0.433692
0.944971 0.656810
