0.126844 0.246637
0.097345 0.834081
0.266962 0.439462
0.545723 0.188341
0.707965 0.457399
0.856932 0.363229
0.376106 0.708520
0.901180 0.497758
0.337758 0.215247
0.466077 0.825112
0.799410 0.228700
0.122419 0.497758
0.401180 0.197309
0.094395 0.520179
0.333333 0.116592
0.762537 0.121076
0.020649 0.134529
0.058997 0.932735
0.334808 0.376682
0.377581 0.313901
0.955752 0.578475
0.421829 0.609865
0.318584 0.470852
0.343658 0.143498
0.178466 0.690583
0.818584 0.044843
0.790560 0.286996
0.188791 0.269058
0.482301 0.627803
0.331858 0.896861
0.787611 0.443946
0.281711 0.349776
0.873156 0.112108
0.120944 0.721973
0.432153 0.278027
0.793510 0.484305
0.349558 0.529148
0.168142 0.614350
0.119469 0.565022
0.632743 0.327354
0.151917 0.748879
0.974926 0.300448
0.445428 0.188341
0.174041 0.529148
0.110619 0.058296
0.396755 0.278027
0.224189 0.417040
0.228614 0.892377
0.262537 0.255605
0.927729 0.699552
0.570796 0.744395
0.153392 0.475336
0.095870 0.345291
0.585546 0.883408
0.030973 0.614350
0.174041 0.300448
0.343658 0.053812
0.188791 0.426009
0.297935 0.919283
0.057522 0.147982
0.362832 0.058296
0.713864 0.170404
0.576696 0.659193
0.185841 0.843049
0.181416 0.950673
0.070796 0.139013
0.843658 0.771300
0.466077 0.156951
0.379056 0.058296
0.390855 0.318386
0.203540 0.511211
0.339233 0.286996
0.783186 0.385650
0.163717 0.197309
0.864307 0.708520
0.691740 0.394619
0.119469 0.331839
0.632743 0.125561
0.955752 0.466368
0.469027 0.488789
0.356932 0.632287
0.141593 0.439462
0.899705 0.161435
0.778761 0.107623
0.300885 0.739910
0.199115 0.632287
0.163717 0.439462
0.405605 0.313901
0.148968 0.910314
0.436578 0.434978
0.432153 0.403587
0.098820 0.094170
0.188791 0.591928
0.430678 0.224215
0.967552 0.542601
0.169617 0.264574
0.364307 0.941704
0.542773 0.632287
0.628319 0.461883
0.522124 0.713004
0.128319 0.385650
0.103245 0.269058
0.474926 0.291480
0.544248 0.721973
0.731563 0.385650
0.867257 0.569507
0.135693 0.623318
0.051622 0.219731
0.230088 0.663677
0.432153 0.354260
0.061947 0.713004
0.041298 0.470852
0.873156 0.278027
0.334808 0.582960
0.172566 0.349776
0.218289 0.331839
0.469027 0.668161
0.022124 0.170404
0.092920 0.188341
0.280236 0.278027
0.023599 0.103139
0.119469 0.179372
0.020649 0.869955
0.309735 0.152466
0.262537 0.663677
0.147493 0.336323
0.283186 0.399103
0.615044 0.448430
0.292035 0.443946
0.876106 0.524664
0.079646 0.582960
0.915929 0.179372
0.828909 0.071749
0.491150 0.766816
0.023599 0.246637
0.405605 0.959641
0.101770 0.484305
0.017699 0.560538
0.890855 0.708520
0.454277 0.313901
0.556047 0.076233
0.851032 0.309417
0.390855 0.524664
0.390855 0.582960
0.235988 0.282511
0.008850 0.443946
0.268437 0.582960
0.448378 0.345291
0.420354 0.233184
0.958702 0.336323
0.045723 0.533632
0.045723 0.260090
0.873156 0.753363
0.747788 0.336323
0.989676 0.677130
0.066372 0.031390
0.539823 0.547085
0.458702 0.242152
0.856932 0.901345
0.874631 0.654709
0.451327 0.547085
0.131268 0.843049
0.353982 0.313901
0.235988 0.600897
0.092920 0.690583
0.300885 0.183857
0.207965 0.721973
0.601770 0.421525
0.384956 0.793722
0.669617 0.313901
0.929204 0.632287
0.418879 0.452915
0.064897 0.466368
0.769912 0.260090
0.470501 0.327354
0.585546 0.161435
0.045723 0.309417
0.283186 0.982063
0.250737 0.417040
0.258112 0.340807
0.359882 0.439462
0.084071 0.215247
0.430678 0.730942
0.401180 0.349776
0.883481 0.421525
0.224189 0.502242
0.140118 0.255605
0.589971 0.080717
0.042773 0.103139
0.373156 0.390135
0.014749 0.076233
0.306785 0.210762
0.941003 0.206278
0.225664 0.251121
0.887906 0.775785
0.066372 0.771300
0.047198 0.152466
0.306785 0.367713
0.013274 0.381166
0.039823 0.165919
0.231563 0.363229
0.281711 0.188341
0.631268 0.524664
0.057522 0.430493
0.050147 0.587444
0.153392 0.385650
0.028024 0.677130
0.393805 0.461883
0.542773 0.008969
0.228614 0.179372
0.688791 0.582960
0.997050 0.170404
0.910029 0.686099
0.305310 0.538117
0.699115 0.358744
0.741888 0.645740
0.318584 0.632287
0.398230 0.004484
0.240413 0.170404
0.879056 0.910314
0.368732 0.578475
