0.904348 0.159420
0.291787 0.081159
0.353623 0.398551
0.964251 0.304348
0.974879 0.075362
0.905314 0.331884
0.116908 0.108696
0.493720 0.414493
0.309179 0.131884
0.827053 0.292754
0.595169 0.057971
0.033816 0.279710
0.928502 0.191304
0.489855 0.039130
0.029952 0.418841
0.827053 0.039130
0.260870 0.052174
0.667633 0.327536
0.228019 0.379710
0.826087 0.268116
0.262802 0.333333
0.350725 0.434783
0.024155 0.433333
0.889855 0.217391
0.442512 0.062319
0.832850 0.137681
0.640580 0.026087
0.313043 0.218841
0.262802 0.037681
0.889855 0.294203
0.200966 0.081159
0.889855 0.195652
0.405797 0.079710
0.179710 0.100000
0.080193 0.030435
0.663768 0.128986
0.320773 0.292754
0.381643 0.339130
0.245411 0.285507
0.526570 0.152174
0.539130 0.027536
0.123671 0.300000
0.348792 0.081159
0.634783 0.271014
0.673430 0.137681
0.189372 0.072464
0.548792 0.414493
0.761353 0.368116
0.205797 0.356522
0.312077 0.088406
0.673430 0.237681
0.893720 0.268116
0.445411 0.213043
0.859903 0.282609
0.863768 0.318841
0.328502 0.217391
0.510145 0.210145
0.256039 0.059420
0.145894 0.169565
0.666667 0.228986
0.742029 0.333333
0.241546 0.294203
0.111111 0.215942
0.261836 0.213043
0.935266 0.291304
0.356522 0.144928
0.197101 0.281159
0.558454 0.065217
0.847343 0.084058
0.860870 0.078261
0.513043 0.562319
0.413527 0.256522
0.535266 0.044928
0.573913 0.198551
0.231884 0.559420
0.291787 0.184058
0.311111 0.102899
0.752657 0.272464
0.976812 0.533333
0.308213 0.357971
0.310145 0.350725
0.423188 0.208696
0.435749 0.405797
0.489855 0.392754
0.095652 0.240580
0.642512 0.136232
0.158454 0.513043
0.301449 0.256522
0.634783 0.152174
0.377778 0.178261
0.558454 0.100000
0.774879 0.204348
0.072464 0.305797
0.776812 0.268116
0.441546 0.072464
0.341063 0.130435
0.656039 0.185507
0.556522 0.208696
0.403865 0.094203
0.370048 0.073913
0.824155 0.143478
0.895652 0.013043
0.187440 0.117391
0.286957 0.121739
0.502415 0.098551
0.983575 0.095652
0.108213 0.549275
0.132367 0.117391
0.801932 0.117391
0.598068 0.223188
0.610628 0.162319
0.838647 0.105797
0.276329 0.515942
0.340097 0.234783
0.095652 0.159420
0.255072 0.357971
0.412560 0.333333
0.488889 0.355072
0.531401 0.224638
0.189372 0.160870
0.640580 0.292754
0.589372 0.136232
0.834783 0.233333
0.087923 0.398551
0.693720 0.328986
0.621256 0.207246
0.684058 0.263768
0.703382 0.186957
0.333333 0.065217
0.386473 0.391304
0.488889 0.376812
0.604831 0.366667
0.766184 0.413043
0.841546 0.039130
0.400966 0.195652
0.810628 0.301449
0.733333 0.298551
0.589372 0.300000
0.982609 0.065217
0.288889 0.111594
0.673430 0.085507
0.367150 0.291304
0.032850 0.518841
0.623188 0.365217
0.978744 0.356522
0.111111 0.228986
0.340097 0.133333
0.666667 0.307246
0.558454 0.031884
0.325604 0.443478
0.359420 0.173913
0.173913 0.024638
0.437681 0.288406
0.347826 0.230435
0.314010 0.197101
0.342995 0.123188
0.572947 0.165217
0.256039 0.173913
0.189372 0.108696
0.654106 0.262319
0.027053 0.521739
0.407729 0.050725
0.008696 0.130435
0.008696 0.336232
0.574879 0.069565
0.366184 0.579710
0.139130 0.530435
0.336232 0.166667
0.771014 0.191304
0.761353 0.071014
0.016425 0.046377
0.306280 0.407246
0.072464 0.501449
0.803865 0.344928
0.825121 0.215942
0.968116 0.526087
0.539130 0.311594
0.482126 0.113043
0.644444 0.224638
0.271498 0.521739
0.517874 0.326087
0.771981 0.094203
0.025121 0.501449
0.131401 0.355072
0.197101 0.092754
0.112077 0.163768
0.186473 0.136232
0.053140 0.302899
0.811594 0.521739
0.761353 0.221739
0.997101 0.369565
0.484058 0.207246
0.656039 0.528986
0.688889 0.085507
0.563285 0.305797
0.968116 0.050725
0.235749 0.376812
0.274396 0.172464
0.056039 0.294203
0.060870 0.221739
0.912077 0.198551
0.995169 0.010145
0.423188 0.027536
0.828986 0.357971
0.165217 0.292754
0.737198 0.155072
0.050242 0.034783
0.190338 0.057971
0.958454 0.392754
0.795169 0.204348
0.682126 0.049275
0.082126 0.413043
0.127536 0.373913
0.371981 0.046377
0.652174 0.523188
0.074396 0.562319
0.380676 0.214493
0.253140 0.185507
0.212560 0.439130
0.172947 0.224638
0.519807 0.311594
0.777778 0.281159
0.589372 0.153623
0.693720 0.227536
0.253140 0.269565
0.308213 0.366667
0.177778 0.207246
0.407729 0.342029
0.317874 0.350725
0.314010 0.079710
0.157488 0.110145
0.822222 0.255072
0.512077 0.281159
0.523671 0.131884
0.114010 0.333333
0.241546 0.236232
0.358454 0.386957
0.941063 0.398551
0.481159 0.060870
0.142995 0.334783
0.203865 0.281159
0.828986 0.552174
0.368116 0.101449
0.618357 0.104348
0.733333 0.111594
0.580676 0.272464
0.937198 0.202899
0.119807 0.382609
0.510145 0.239130
0.488889 0.334783
0.334300 0.355072
0.073430 0.262319
0.068599 0.333333
0.103382 0.355072
0.387440 0.289855
0.626087 0.133333
0.118841 0.198551
0.147826 0.228986
0.204831 0.379710
0.516908 0.342029
0.007729 0.315942
0.794203 0.181159
0.117874 0.323188
0.210628 0.034783
0.616425 0.308696
0.522705 0.043478
0.466667 0.307246
0.614493 0.079710
0.517874 0.075362
0.417391 0.356522
0.334300 0.323188
0.508213 0.504348
0.235749 0.553623
0.965217 0.108696
0.796135 0.268116
0.825121 0.078261
0.326570 0.413043
0.175845 0.279710
0.832850 0.094203
0.560386 0.288406
0.170048 0.181159
0.334300 0.368116
0.036715 0.081159
0.438647 0.278261
0.268599 0.298551
0.156522 0.094203
0.906280 0.301449
0.669565 0.536232
0.386473 0.328986
0.738164 0.056522
0.972947 0.314493
0.206763 0.194203
0.385507 0.321739
0.343961 0.091304
0.243478 0.440580
0.269565 0.442029
0.463768 0.355072
0.086957 0.334783
0.105314 0.133333
0.292754 0.068116
0.882126 0.315942
0.880193 0.343478
0.550725 0.171014
0.714010 0.157971
0.386473 0.056522
0.085024 0.427536
0.080193 0.352174
0.533333 0.057971
0.441546 0.191304
0.839614 0.307246
0.150725 0.368116
0.648309 0.526087
0.784541 0.515942
0.939130 0.510145
0.424155 0.081159
0.575845 0.397101
0.760386 0.166667
0.654106 0.094203
0.941063 0.008696
0.413527 0.369565
0.637681 0.508696
0.242512 0.215942
0.663768 0.289855
0.189372 0.175362
0.063768 0.321739
0.568116 0.137681
0.067633 0.369565
0.462802 0.101449
0.242512 0.081159
0.769082 0.181159
0.162319 0.343478
0.044444 0.314493
0.058937 0.582609
0.079227 0.440580
0.657005 0.533333
0.235749 0.095652
0.905314 0.146377
0.806763 0.230435
0.700483 0.053623
0.516908 0.382609
0.124638 0.253623
0.321739 0.278261
0.162319 0.082609
0.074396 0.294203
0.276329 0.382609
0.710145 0.304348
0.039614 0.318841
0.487923 0.347826
0.787440 0.015942
0.389372 0.530435
0.174879 0.356522
0.439614 0.144928
0.142995 0.266667
0.379710 0.550725
0.197101 0.304348
0.069565 0.256522
0.248309 0.384058
0.207729 0.255072
0.400966 0.228986
0.359420 0.189855
0.238647 0.546377
0.947826 0.321739
0.884058 0.013043
0.397101 0.514493
0.541063 0.328986
0.838647 0.218841
0.797101 0.514493
0.870531 0.268116
0.682126 0.176812
0.094686 0.557971
0.135266 0.207246
0.754589 0.144928
0.293720 0.314493
0.401932 0.172464
0.283092 0.059420
0.480193 0.137681
0.171014 0.305797
0.459903 0.221739
0.337198 0.189855
0.853140 0.231884
0.990338 0.357971
0.400000 0.120290
0.115942 0.205797
0.645411 0.336232
0.201932 0.394203
0.922705 0.269565
0.633816 0.079710
0.245411 0.049275
0.029952 0.500000
0.006763 0.088406
0.028986 0.355072
0.513043 0.273913
0.788406 0.308696
0.412560 0.305797
0.106280 0.426087
0.696618 0.094203
0.484058 0.157971
0.839614 0.269565
0.959420 0.520290
0.658937 0.204348
0.289855 0.097101
0.863768 0.204348
0.910145 0.415942
0.016425 0.327536
0.020290 0.078261
0.799034 0.413043
0.644444 0.317391
0.480193 0.085507
0.904348 0.502899
0.461836 0.079710
0.257971 0.086957
0.444444 0.126087
0.519807 0.426087
0.985507 0.268116
0.947826 0.368116
0.013527 0.386957
0.110145 0.128986
0.988406 0.039130
0.157488 0.446377
0.101449 0.186957
0.821256 0.313043
0.527536 0.181159
0.577778 0.094203
0.662802 0.044928
0.368116 0.327536
0.426087 0.062319
0.580676 0.234783
0.724638 0.076812
0.993237 0.328986
0.849275 0.050725
0.170048 0.239130
0.847343 0.375362
0.228986 0.127536
0.272464 0.413043
0.777778 0.072464
0.047343 0.585507
0.054106 0.279710
0.080193 0.285507
0.271498 0.426087
0.099517 0.557971
0.116908 0.266667
0.169082 0.394203
0.172947 0.385507
0.166184 0.410145
0.298551 0.240580
0.028986 0.065217
0.173913 0.060870
0.994203 0.039130
0.967150 0.255072
0.505314 0.175362
0.405797 0.433333
0.218357 0.228986
0.738164 0.218841
0.335266 0.043478
0.367150 0.314493
0.759420 0.120290
0.578744 0.421739
0.247343 0.314493
0.264734 0.082609
0.205797 0.066667
0.952657 0.517391
0.539130 0.272464
0.627053 0.050725
0.709179 0.388406
0.386473 0.071014
0.285990 0.350725
0.329469 0.392754
0.437681 0.375362
0.992271 0.126087
0.595169 0.076812
0.503382 0.147826
0.504348 0.085507
0.377778 0.204348
0.117874 0.044928
0.147826 0.300000
0.369082 0.226087
0.157488 0.043478
0.265700 0.204348
0.340097 0.285507
0.077295 0.366667
0.546860 0.426087
0.127536 0.030435
0.033816 0.588406
0.437681 0.313043
0.392271 0.250725
0.284058 0.215942
0.941063 0.311594
0.366184 0.376812
0.766184 0.321739
0.249275 0.405797
0.460870 0.417391
0.821256 0.537681
0.088889 0.556522
0.023188 0.373913
0.265700 0.123188
0.593237 0.337681
0.079227 0.186957
0.486957 0.242029
0.440580 0.085507
0.991304 0.175362
0.791304 0.323188
0.960386 0.311594
0.047343 0.265217
0.208696 0.346377
0.232850 0.259420
0.126570 0.168116
0.053140 0.239130
0.369082 0.246377
0.386473 0.095652
0.721739 0.339130
0.861836 0.140580
0.321739 0.115942
0.232850 0.162319
0.985507 0.057971
0.574879 0.357971
0.389372 0.378261
0.269565 0.184058
0.048309 0.442029
0.817391 0.381159
0.400966 0.143478
0.923671 0.320290
0.287923 0.323188
0.308213 0.120290
0.247343 0.113043
0.678261 0.371014
0.957488 0.279710
0.114976 0.501449
0.872464 0.224638
0.548792 0.147826
0.801932 0.072464
0.871498 0.324638
0.677295 0.359420
0.916908 0.226087
0.947826 0.513043
0.712077 0.091304
0.971014 0.413043
0.068599 0.210145
0.174879 0.168116
0.652174 0.071014
0.143961 0.526087
0.251208 0.194203
0.385507 0.540580
0.191304 0.318841
0.625121 0.142029
0.414493 0.388406
0.125604 0.236232
0.809662 0.195652
0.485024 0.179710
0.612560 0.272464
0.539130 0.085507
0.018357 0.437681
0.358454 0.272464
0.754589 0.213043
0.419324 0.159420
0.050242 0.310145
0.600966 0.391304
0.766184 0.130435
0.600000 0.092754
0.168116 0.068116
0.549758 0.133333
0.858937 0.098551
0.243478 0.066667
0.771981 0.505797
0.786473 0.297101
0.224155 0.200000
0.986473 0.117391
0.048309 0.357971
0.363285 0.117391
0.751691 0.204348
0.222222 0.404348
0.105314 0.244928
0.490821 0.437681
0.463768 0.139130
0.387440 0.298551
0.778744 0.342029
0.906280 0.384058
0.724638 0.197101
0.856039 0.065217
0.916908 0.294203
0.314976 0.328986
0.810628 0.127536
0.342029 0.295652
0.526570 0.168116
0.836715 0.065217
0.173913 0.110145
0.825121 0.402899
0.510145 0.221739
0.676329 0.098551
0.739130 0.317391
0.639614 0.207246
0.159420 0.195652
0.654106 0.172464
0.987440 0.540580
0.333333 0.178261
0.713043 0.237681
0.676329 0.028986
0.037681 0.336232
0.222222 0.426087
0.817391 0.111594
0.871498 0.134783
0.257971 0.234783
0.519807 0.092754
0.267633 0.473913
0.300483 0.033333
0.089855 0.160870
0.965217 0.139130
0.815459 0.062319
0.139130 0.413043
0.355556 0.043478
0.739130 0.423188
0.568116 0.398551
0.098551 0.036232
0.572947 0.011594
0.405797 0.069565
0.439614 0.102899
0.810628 0.528986
0.073430 0.247826
0.424155 0.146377
0.520773 0.034783
0.518841 0.113043
0.185507 0.123188
0.601932 0.408696
0.668599 0.065217
0.943961 0.218841
0.044444 0.379710
0.310145 0.179710
0.264734 0.227536
0.217391 0.146377
0.937198 0.346377
0.851208 0.342029
0.742029 0.188406
0.212560 0.178261
0.866667 0.008696
0.257971 0.252174
0.280193 0.513043
0.779710 0.124638
0.930435 0.508696
0.431884 0.444928
0.879227 0.282609
0.387440 0.308696
0.247343 0.123188
0.695652 0.372464
0.317874 0.157971
0.385507 0.240580
0.468599 0.023188
0.716908 0.320290
0.228986 0.115942
0.295652 0.446377
0.732367 0.278261
0.790338 0.137681
0.093720 0.269565
0.232850 0.357971
0.989372 0.079710
0.407729 0.411594
0.070531 0.028986
0.350725 0.213043
0.216425 0.218841
0.350725 0.365217
0.501449 0.285507
0.256039 0.533333
0.755556 0.092754
0.259903 0.130435
0.103382 0.553623
0.792271 0.046377
0.486957 0.292754
0.164251 0.511594
0.733333 0.263768
0.635749 0.298551
0.607729 0.384058
0.386473 0.344928
0.639614 0.191304
0.223188 0.136232
0.707246 0.200000
0.255072 0.365217
0.785507 0.162319
0.658937 0.026087
0.587440 0.260870
0.590338 0.318841
0.038647 0.388406
0.212560 0.242029
0.383575 0.372464
0.311111 0.165217
0.678261 0.398551
0.142995 0.284058
0.406763 0.389855
0.988406 0.139130
0.693720 0.166667
0.291787 0.211594
0.857971 0.188406
0.100483 0.365217
0.037681 0.514493
0.129469 0.078261
0.305314 0.224638
0.369082 0.084058
0.378744 0.157971
0.637681 0.243478
0.055072 0.347826
0.761353 0.304348
0.893720 0.326087
0.714976 0.110145
0.813527 0.105797
0.804831 0.288406
0.277295 0.275362
0.613527 0.292754
0.392271 0.521739
0.206763 0.576812
0.012560 0.053623
0.209662 0.120290
0.087923 0.033333
0.272464 0.284058
0.838647 0.195652
0.605797 0.043478
0.928502 0.014493
0.136232 0.344928
0.685990 0.191304
0.382609 0.546377
0.299517 0.053623
0.426087 0.072464
0.378744 0.420290
0.481159 0.081159
0.121739 0.542029
0.244444 0.134783
0.213527 0.308696
0.081159 0.234783
0.280193 0.140580
0.658937 0.275362
0.383575 0.357971
0.991304 0.291304
0.144928 0.311594
0.338164 0.342029
0.150725 0.220290
0.020290 0.063768
0.465700 0.333333
0.277295 0.243478
0.385507 0.085507
0.877295 0.189855
0.231884 0.105797
0.509179 0.533333
0.761353 0.400000
0.141063 0.144928
0.689855 0.308696
0.857005 0.366667
0.865700 0.301449
0.956522 0.149275
0.572947 0.047826
0.820290 0.420290
0.736232 0.237681
0.726570 0.352174
0.400966 0.507246
0.264734 0.386957
0.142029 0.386957
0.488889 0.366667
0.194203 0.234783
0.969082 0.088406
0.784541 0.362319
0.462802 0.237681
0.142995 0.244928
0.536232 0.072464
0.749758 0.346377
0.009662 0.528986
0.462802 0.181159
0.518841 0.363768
0.296618 0.060870
0.569082 0.323188
0.540097 0.108696
0.133333 0.217391
0.227053 0.559420
0.506280 0.515942
0.414493 0.315942
0.457971 0.285507
0.328502 0.233333
0.240580 0.144928
0.884058 0.417391
0.387440 0.317391
0.622222 0.344928
0.383575 0.118841
0.742995 0.072464
0.297585 0.305797
0.425121 0.113043
0.714010 0.040580
0.197101 0.291304
0.271498 0.100000
0.332367 0.381159
0.534300 0.260870
0.371981 0.573913
0.125604 0.537681
0.265700 0.113043
0.616425 0.178261
0.703382 0.347826
0.281159 0.034783
0.812560 0.240580
0.129469 0.437681
0.440580 0.239130
0.824155 0.186957
0.723671 0.176812
0.436715 0.394203
0.329469 0.118841
0.295652 0.295652
0.683092 0.062319
0.548792 0.382609
0.709179 0.291304
0.671498 0.555072
0.297585 0.276812
0.383575 0.105797
0.594203 0.039130
0.530435 0.201449
0.319807 0.305797
0.156522 0.207246
0.417391 0.243478
0.331401 0.076812
0.517874 0.398551
0.571014 0.181159
0.629952 0.066667
0.228019 0.073913
0.109179 0.347826
0.319807 0.423188
0.200000 0.582609
0.493720 0.049275
0.422222 0.101449
0.588406 0.282609
0.594203 0.192754
0.655072 0.378261
0.556522 0.226087
0.465700 0.210145
0.518841 0.057971
0.420290 0.285507
0.073430 0.382609
0.504348 0.069565
0.443478 0.175362
0.751691 0.356522
0.289855 0.288406
0.203865 0.133333
0.568116 0.349275
0.626087 0.384058
0.606763 0.136232
0.848309 0.327536
0.378744 0.442029
0.103382 0.304348
0.437681 0.300000
0.113043 0.410145
0.915942 0.505797
0.850242 0.018841
0.620290 0.237681
0.712077 0.423188
0.362319 0.320290
0.651208 0.150725
0.917874 0.311594
0.161353 0.430435
0.050242 0.066667
0.838647 0.162319
0.051208 0.427536
0.366184 0.340580
0.127536 0.224638
0.873430 0.176812
0.346860 0.250725
0.094686 0.324638
0.151691 0.517391
0.061836 0.385507
0.314010 0.318841
0.007729 0.395652
0.482126 0.195652
0.426087 0.198551
0.358454 0.352174
0.097585 0.015942
0.167150 0.173913
0.305314 0.391304
0.591304 0.355072
0.601932 0.239130
0.466667 0.404348
0.838647 0.120290
0.000966 0.363768
0.425121 0.094203
0.438647 0.342029
0.493720 0.100000
0.016425 0.502899
0.002899 0.065217
0.440580 0.289855
0.756522 0.050725
0.105314 0.281159
0.635749 0.173913
0.658937 0.430435
0.643478 0.514493
0.096618 0.304348
0.155556 0.123188
0.406763 0.401449
0.709179 0.213043
0.417391 0.326087
0.481159 0.052174
0.098551 0.194203
0.259903 0.528986
0.813527 0.098551
0.124638 0.092754
0.378744 0.143478
0.717874 0.053623
0.001932 0.531884
0.408696 0.355072
0.663768 0.315942
0.322705 0.123188
0.480193 0.097101
0.344928 0.273913
0.290821 0.337681
0.802899 0.159420
0.431884 0.421739
0.045411 0.369565
0.671498 0.176812
0.294686 0.223188
0.465700 0.318841
0.299517 0.076812
0.858937 0.115942
0.402899 0.160870
0.558454 0.079710
0.928502 0.328986
0.213527 0.104348
0.460870 0.275362
0.462802 0.168116
0.684058 0.427536
0.802899 0.221739
0.288889 0.198551
0.279227 0.233333
0.977778 0.013043
0.436715 0.250725
0.539130 0.286957
0.302415 0.376812
0.925604 0.379710
0.439614 0.226087
0.373913 0.565217
0.390338 0.366667
0.258937 0.156522
0.084058 0.176812
0.131401 0.533333
0.648309 0.243478
0.896618 0.179710
0.441546 0.155072
0.620290 0.323188
0.030918 0.294203
0.916908 0.176812
0.005797 0.140580
0.154589 0.060870
0.189372 0.424638
0.162319 0.159420
0.791304 0.079710
0.501449 0.114493
0.223188 0.566667
0.700483 0.146377
0.437681 0.201449
0.623188 0.224638
0.768116 0.046377
0.942029 0.131884
0.293720 0.086957
0.922705 0.507246
0.413527 0.292754
0.363285 0.130435
0.979710 0.386957
0.295652 0.155072
0.775845 0.142029
0.761353 0.285507
0.938164 0.065217
0.463768 0.337681
0.514010 0.300000
0.191304 0.592754
0.366184 0.281159
0.075362 0.198551
0.322705 0.401449
0.804831 0.523188
0.314976 0.066667
0.709179 0.143478
0.179710 0.085507
0.768116 0.384058
0.542029 0.359420
0.985507 0.413043
0.178744 0.159420
0.266667 0.523188
0.177778 0.194203
0.377778 0.194203
0.904348 0.228986
0.327536 0.092754
0.242512 0.543478
0.814493 0.137681
0.626087 0.249275
0.295652 0.165217
0.872464 0.082609
0.092754 0.205797
0.370048 0.063768
0.410628 0.273913
0.209662 0.166667
0.776812 0.215942
0.342029 0.301449
0.509179 0.186957
0.487923 0.321739
0.163285 0.255072
0.479227 0.069565
0.347826 0.111594
0.777778 0.250725
0.947826 0.263768
0.915942 0.007246
0.719807 0.286957
0.326570 0.256522
0.232850 0.337681
0.808696 0.091304
0.328502 0.085507
0.102415 0.175362
0.157488 0.353623
0.329469 0.104348
0.101449 0.447826
0.275362 0.079710
0.514010 0.201449
0.066667 0.576812
0.508213 0.165217
0.898551 0.136232
0.701449 0.169565
0.140097 0.189855
0.396135 0.243478
0.732367 0.026087
0.230918 0.208696
0.386473 0.334783
0.348792 0.068116
0.770048 0.328986
0.698551 0.284058
0.788406 0.102899
0.590338 0.176812
0.736232 0.381159
0.675362 0.337681
0.284058 0.511594
0.820290 0.163768
0.688889 0.147826
0.774879 0.056522
0.103382 0.289855
0.085024 0.218841
0.033816 0.401449
0.425121 0.052174
0.355556 0.414493
0.234783 0.243478
0.558454 0.047826
0.785507 0.175362
0.630918 0.501449
0.440580 0.271014
0.401932 0.184058
0.731401 0.359420
0.250242 0.539130
0.602899 0.205797
0.082126 0.550725
0.461836 0.428986
0.214493 0.327536
0.690821 0.213043
0.894686 0.501449
0.925604 0.240580
0.059903 0.401449
0.821256 0.392754
0.261836 0.340580
0.500483 0.050725
0.461836 0.197101
0.357488 0.160870
0.556522 0.263768
0.487923 0.224638
0.281159 0.071014
0.609662 0.149275
0.214493 0.571014
0.903382 0.013043
0.279227 0.088406
0.673430 0.162319
0.200000 0.205797
0.885024 0.360870
0.358454 0.584058
0.188406 0.185507
0.457971 0.049275
0.032850 0.049275
0.150725 0.324638
0.568116 0.157971
0.011594 0.505797
0.346860 0.098551
0.819324 0.123188
0.116908 0.543478
0.615459 0.195652
0.189372 0.249275
0.461836 0.298551
0.080193 0.311594
0.509179 0.260870
0.219324 0.273913
0.572947 0.378261
0.813527 0.184058
0.266667 0.313043
0.002899 0.098551
0.820290 0.279710
0.055072 0.420290
0.338164 0.311594
0.813527 0.043478
0.020290 0.121739
0.050242 0.246377
0.018357 0.526087
0.205797 0.182609
0.963285 0.347826
0.122705 0.181159
0.542029 0.346377
0.782609 0.094203
0.147826 0.521739
0.893720 0.371014
0.095652 0.382609
0.911111 0.507246
0.164251 0.188406
0.994203 0.107246
0.626087 0.266667
0.402899 0.108696
0.628986 0.508696
0.362319 0.302899
0.485990 0.305797
0.708213 0.069565
0.702415 0.265217
0.905314 0.343478
0.464734 0.375362
0.949758 0.042029
0.954589 0.065217
0.736232 0.139130
0.821256 0.010145
0.170048 0.120290
0.272464 0.394203
0.384541 0.334783
0.827053 0.339130
0.696618 0.105797
0.486957 0.276812
0.797101 0.110145
0.611594 0.060870
0.463768 0.152174
0.145894 0.082609
0.495652 0.402899
0.340097 0.149275
0.314976 0.149275
0.667633 0.213043
0.761353 0.234783
0.416425 0.224638
0.460870 0.314493
0.025121 0.105797
0.581643 0.214493
0.142995 0.097101
0.255072 0.101449
0.161353 0.182609
0.795169 0.511594
0.377778 0.559420
0.885024 0.143478
0.223188 0.298551
0.300483 0.421739
0.284058 0.375362
0.180676 0.339130
0.402899 0.211594
0.603865 0.428986
0.913043 0.362319
0.648309 0.055072
0.306280 0.105797
0.169082 0.420290
0.637681 0.102899
0.197101 0.224638
0.790338 0.388406
0.832850 0.368116
0.783575 0.231884
0.384541 0.402899
0.192271 0.414493
0.369082 0.302899
0.420290 0.179710
0.020290 0.308696
0.218357 0.326087
0.189372 0.439130
0.132367 0.285507
0.684058 0.285507
0.760386 0.508696
0.320773 0.269565
0.137198 0.060870
0.742029 0.171014
0.628019 0.418841
0.851208 0.179710
0.220290 0.089855
0.530435 0.236232
0.649275 0.356522
0.553623 0.191304
0.114010 0.147826
0.032850 0.097101
