0.473438 0.362039
0.881641 0.398946
0.780859 0.491506
0.842578 0.727592
0.859375 0.542472
0.113281 0.485647
0.843750 0.465729
0.541406 0.364382
0.809375 0.684241
0.918359 0.433509
0.722266 0.424136
0.862109 0.390158
0.308594 0.229057
0.574609 0.661394
0.590625 0.722320
0.900391 0.770943
0.569531 0.881078
0.932031 0.463972
0.444141 0.230228
0.273438 0.827768
0.835938 0.478617
0.130469 0.768600
0.242188 0.170475
0.565234 0.973052
0.920312 0.682484
0.864453 0.402460
0.431641 0.768600
0.771094 0.400703
0.998437 0.678383
0.002734 0.270064
0.513281 0.622730
0.524219 0.334505
0.764844 0.504979
0.889844 0.776801
0.857812 0.508494
0.489453 0.804921
0.381641 0.559461
0.531641 0.300527
0.408594 0.583480
0.788281 0.405390
0.195703 0.296426
0.188672 0.249561
0.306641 0.283538
0.048047 0.884007
0.958984 0.680141
0.995703 0.668424
0.540234 0.345636
0.063281 0.341535
0.325391 0.535442
0.969922 0.421793
0.141406 0.386057
0.833984 0.469830
0.575391 0.461629
0.772656 0.453427
0.759766 0.642062
0.262500 0.480375
0.528516 0.855888
0.539062 0.885764
0.449219 0.804335
0.639062 0.920328
0.738281 0.450498
0.878906 0.832455
0.965625 0.404218
0.359766 0.730521
0.352344 0.194493
0.300391 0.742238
0.015625 0.086702
0.552734 0.407733
0.644141 0.398360
0.521484 0.723492
0.030859 0.081429
0.722266 0.655536
0.912109 0.732279
0.826172 0.538957
0.303906 0.340949
0.739844 0.396016
0.947656 0.685999
0.971094 0.727592
0.785156 0.436438
0.693750 0.418278
0.242578 0.452255
0.408203 0.633861
0.444531 0.241945
0.779687 0.669596
0.733594 0.568248
0.969141 0.754540
0.998828 0.795548
0.603125 0.473345
0.589063 0.462214
0.866016 0.523140
0.979297 0.966608
0.339453 0.433509
0.651563 0.303456
0.388281 0.447569
0.766406 0.605741
0.728906 0.439953
0.656641 0.777973
0.217969 0.153486
0.644531 0.649092
0.121094 0.125366
0.910156 0.420621
0.060156 0.141769
0.856250 0.490920
0.216016 0.780316
0.559766 0.667838
0.951172 0.398360
0.842578 0.440539
0.857031 0.674868
0.812891 0.492677
0.548047 0.741652
0.171484 0.811365
0.641406 0.330404
0.344531 0.256591
0.637109 0.654950
0.566406 0.466901
0.715234 0.486819
0.211328 0.306385
0.905469 0.489162
0.671484 0.437610
0.366797 0.332748
0.436328 0.605741
0.606641 0.657879
0.164453 0.238430
0.233594 0.551260
0.904687 0.387229
0.399609 0.727006
0.905469 0.367897
0.676953 0.753368
0.023047 0.950205
0.945703 0.814880
0.700781 0.432337
0.931641 0.437610
0.620703 0.475688
0.479687 0.251904
0.919922 0.445811
0.762891 0.454013
0.864453 0.473931
0.561328 0.309315
0.888672 0.513767
0.536719 0.272408
0.452734 0.772701
0.691016 0.632689
0.957031 0.486819
0.790234 0.589338
0.517188 0.386057
0.713281 0.722906
0.376953 0.439367
0.278516 0.477446
0.981250 0.762742
0.812891 0.601054
0.942187 0.847686
0.802734 0.591095
0.326562 0.770357
0.964844 0.425308
0.881641 0.437024
0.936719 0.435267
0.290234 0.273579
0.188281 0.376098
0.333203 0.939074
0.658984 0.407733
0.253906 0.272994
0.973047 0.405390
0.810156 0.824253
0.349219 0.528412
0.620703 0.452255
0.392188 0.567663
0.998437 0.693615
0.164062 0.128881
0.899609 0.391330
0.833203 0.681312
0.791016 0.707674
0.446484 0.716462
0.117578 0.375513
0.403125 0.792619
0.265625 0.791447
0.472266 0.244288
0.352734 0.325718
0.761719 0.594025
0.857031 0.692443
0.372266 0.813708
0.182422 0.138840
0.821484 0.573521
0.407031 0.916227
0.413281 0.446397
0.984766 0.672525
0.960547 0.432337
0.526953 0.762742
0.231250 0.277094
0.887891 0.449326
0.072656 0.352080
0.639844 0.758641
0.474609 0.617458
0.600391 0.710018
0.656641 0.493849
0.972266 0.418864
0.503516 0.632689
0.462109 0.243702
0.508984 0.833040
0.841016 0.683070
0.441797 0.471588
0.822656 0.749268
0.604688 0.295255
0.657813 0.664909
0.688672 0.656122
0.756250 0.445226
0.427734 0.234915
0.259766 0.276508
0.333984 0.438196
0.399609 0.442882
0.691016 0.487405
0.375391 0.260105
0.849219 0.392501
0.491406 0.909197
0.839453 0.695958
0.910937 0.478032
0.801562 0.493263
0.916016 0.371998
0.043750 0.420035
0.900000 0.456942
0.263672 0.176919
0.711328 0.752197
0.913281 0.393087
0.736328 0.437024
0.583984 0.356180
0.442969 0.737551
0.768750 0.405975
0.489844 0.623316
0.871094 0.467487
0.933203 0.421793
0.667188 0.636790
0.704688 0.657293
0.284766 0.176333
0.651563 0.653779
0.880078 0.456356
0.457031 0.309900
0.771875 0.685413
0.297656 0.312244
0.797266 0.571763
0.939453 0.657879
0.591016 0.364968
0.183203 0.262449
0.296094 0.188635
0.823438 0.527241
0.667578 0.702402
0.817187 0.585237
0.626172 0.651435
0.632031 0.467487
0.235937 0.780902
0.698438 0.364382
0.685156 0.487991
0.823047 0.637376
0.578516 0.287639
0.930859 0.684241
0.525391 0.299356
0.753516 0.502050
0.342578 0.711775
0.954297 0.413005
0.076953 0.213825
0.574219 0.276508
0.229297 0.157586
0.323828 0.438781
0.613672 0.418864
0.582812 0.325132
0.106641 0.119508
0.744922 0.824839
0.191797 0.399531
0.219531 0.931459
0.138672 0.239602
0.351562 0.257176
0.268750 0.765085
0.226172 0.270064
0.172266 0.287639
0.343750 0.362624
0.599219 0.935559
0.685547 0.348565
0.634375 0.298184
0.614453 0.362039
0.679688 0.374927
0.443359 0.831283
0.992578 0.782074
0.429297 0.363210
0.531641 0.256591
0.458984 0.362624
0.496875 0.721734
0.939063 0.388401
0.444922 0.368483
0.481250 0.725249
0.728125 0.373755
0.668750 0.369069
0.569922 0.682484
0.545703 0.691271
0.054297 0.977153
0.951172 0.937317
0.492969 0.762742
0.752344 0.425308
0.081641 0.814294
0.408984 0.222027
0.766016 0.432923
0.660156 0.724663
0.465234 0.759813
0.755078 0.585237
0.823047 0.461629
0.063281 0.100176
0.126172 0.235501
0.291016 0.179848
0.943359 0.443468
0.164453 0.282367
0.571484 0.700644
0.716797 0.643820
0.680859 0.612185
0.280859 0.311072
0.902734 0.507323
0.306250 0.906268
0.443750 0.337434
0.411328 0.728764
0.724609 0.746924
0.519531 0.244288
0.644141 0.305800
0.981641 0.405975
0.899609 0.422378
0.298438 0.756298
0.859375 0.497950
0.952344 0.425893
0.075391 0.104862
0.012109 0.066784
0.632031 0.337434
0.744141 0.607499
0.744141 0.473345
0.629297 0.298184
0.812891 0.657879
0.315625 0.427651
0.168359 0.395431
0.819531 0.478617
0.582812 0.346807
0.084766 0.335677
0.448047 0.321031
0.494141 0.257762
0.035937 0.311658
0.369531 0.867018
0.091406 0.111306
0.863672 0.786760
0.728516 0.490334
0.625000 0.301699
0.489844 0.374341
0.147656 0.130639
0.810547 0.567077
0.327734 0.331576
0.156641 0.399531
0.696484 0.693029
0.192578 0.872876
0.958203 0.746339
0.876953 0.388401
0.923828 0.414177
0.599219 0.737551
0.668750 0.493849
0.905859 0.436438
0.579688 0.379028
0.245703 0.805507
0.699219 0.346221
0.497656 0.628002
0.152734 0.129467
0.791016 0.506737
0.777344 0.538371
0.922266 0.468658
0.447266 0.608084
0.501563 0.289982
0.646094 0.328647
0.767969 0.583480
0.610156 0.321617
0.706641 0.433509
0.794922 0.581722
0.753906 0.762156
0.848828 0.745753
0.827344 0.811365
0.115625 0.112478
0.766406 0.630931
0.530078 0.646163
0.371875 0.728178
0.885938 0.434681
0.916406 0.441711
0.271484 0.158758
0.941797 0.431752
0.678906 0.347979
0.794531 0.387229
0.739453 0.485647
0.757422 0.698301
0.948047 0.382542
0.888281 0.429994
0.686719 0.849443
0.745313 0.973052
0.041406 0.092560
0.844141 0.391916
0.889453 0.475688
0.851953 0.524312
0.833984 0.445226
0.540625 0.260691
0.494531 0.685999
0.020313 0.405390
0.807031 0.525483
0.598437 0.294669
0.950000 0.436438
0.942578 0.391330
0.174609 0.981839
0.067969 0.091974
0.939063 0.457528
0.592187 0.288811
0.403906 0.226714
0.081250 0.315759
0.331641 0.178676
0.421484 0.560633
0.254688 0.827768
0.707031 0.683656
0.376563 0.219098
0.437109 0.342707
0.518359 0.795548
0.665234 0.652021
0.013281 0.304042
0.057031 0.084359
0.653906 0.368483
0.932813 0.399531
0.723828 0.602812
0.896484 0.362624
0.938281 0.681898
0.259375 0.911541
0.704297 0.585823
0.573438 0.756298
0.724219 0.615114
0.397266 0.435267
0.800781 0.657293
0.713672 0.803163
0.390625 0.219098
0.546094 0.301113
0.489063 0.865261
0.689063 0.346807
0.426563 0.472759
0.961328 0.398360
0.990625 0.672525
0.696094 0.616286
0.731250 0.605155
0.850391 0.457528
0.358984 0.206210
0.781641 0.400703
0.539453 0.673697
0.247266 0.151142
0.669922 0.424136
0.261328 0.157001
0.523047 0.355595
0.868750 0.684827
0.950391 0.496192
0.850000 0.536028
0.976562 0.895723
0.232813 0.827182
0.651953 0.394845
0.778906 0.592267
0.803125 0.676040
0.035156 0.852373
0.412500 0.748096
0.761719 0.412419
0.818750 0.550674
0.815234 0.493263
0.023828 0.091974
0.626172 0.682484
0.602734 0.410662
0.871875 0.401875
0.832422 0.420621
0.061328 0.827768
0.119531 0.106034
0.418359 0.226128
0.007812 0.848272
0.902344 0.475103
0.797656 0.428822
0.901172 0.678383
0.830859 0.547745
0.648828 0.490334
0.923438 0.736380
0.762500 0.481547
0.458984 0.277094
0.874609 0.516696
0.351953 0.314587
0.428125 0.944347
0.593750 0.476274
0.701562 0.487405
0.898438 0.449326
0.573828 0.800820
0.322656 0.814880
0.930859 0.659637
0.276172 0.329818
0.552344 0.704745
0.747266 0.494435
0.934766 0.451084
0.927734 0.393673
0.355078 0.626831
0.969922 0.430580
0.132812 0.128881
0.677344 0.711775
0.304688 0.784417
0.904297 0.408905
0.848047 0.441125
0.304297 0.427065
0.806250 0.557118
0.936719 0.404218
0.978906 0.710018
0.644922 0.741066
0.787109 0.493263
0.351562 0.790275
0.236328 0.219684
0.979688 0.693029
0.266406 0.413005
0.639844 0.370240
0.121484 0.836555
0.275000 0.175747
0.131250 0.388987
0.826953 0.481547
0.058203 0.787346
0.763281 0.737551
0.114062 0.255419
0.623828 0.731693
0.723047 0.690685
0.700391 0.594610
0.363281 0.533099
0.581641 0.475103
0.913672 0.450498
0.471094 0.280023
0.879297 0.483304
0.381250 0.214997
0.213672 0.435267
0.394531 0.214411
0.917188 0.415934
0.991797 0.736380
0.489063 0.782660
0.578516 0.712361
0.905859 0.754540
0.561719 0.748682
0.610938 0.841828
0.325000 0.513767
0.619141 0.353251
0.316016 0.289982
0.122656 0.784417
0.451562 0.446983
0.497656 0.286467
0.472656 0.455185
0.464453 0.353837
0.342187 0.984183
0.786719 0.599883
0.939844 0.411834
0.585156 0.991798
0.614844 0.346807
0.716406 0.586409
0.834375 0.562390
0.324219 0.857645
0.791797 0.535442
0.550391 0.244288
0.662109 0.342707
0.969531 0.697715
0.703516 0.369654
0.976953 0.681312
0.325781 0.240773
0.589844 0.754540
0.482812 0.845929
0.338672 0.247217
0.482422 0.294669
0.300391 0.466901
0.795703 0.613357
0.379688 0.777387
0.221875 0.415349
0.944531 0.403046
0.389062 0.815466
0.640625 0.478032
0.746875 0.623316
0.516016 0.743409
0.196484 0.154071
0.921094 0.476860
0.708984 0.390158
0.571875 0.483304
0.740234 0.702402
0.249219 0.977153
0.488672 0.740480
0.891797 0.427065
0.424219 0.282367
0.571484 0.473345
0.877734 0.664909
0.638281 0.691857
0.672656 0.663738
0.907422 0.990627
0.530859 0.991798
0.856641 0.456356
0.157812 0.202695
0.493359 0.463386
0.812500 0.503808
0.798828 0.606327
0.385937 0.647335
0.926172 0.437610
0.283203 0.187463
0.776172 0.401875
0.738672 0.424136
0.511328 0.694786
0.865625 0.759227
0.910547 0.461629
0.779687 0.619215
0.369531 0.433509
0.137500 0.190393
0.585938 0.287053
0.141016 0.885764
0.629687 0.480375
0.904687 0.461043
0.811328 0.479203
0.284766 0.774458
0.700000 0.766257
0.699219 0.662566
0.800000 0.414763
0.017188 0.862332
0.003906 0.909783
0.310937 0.177504
0.184766 0.401875
0.160938 0.884593
0.557422 0.348565
0.460938 0.613357
0.754687 0.601640
0.456250 0.234915
0.338672 0.526655
0.506641 0.328061
0.581641 0.465144
0.371875 0.644991
0.191406 0.824839
0.829297 0.736380
0.775781 0.496192
0.955469 0.431752
0.643359 0.396016
0.852344 0.381957
0.243359 0.418278
0.576953 0.358524
0.848047 0.549502
0.267188 0.272408
0.884766 0.483304
0.841406 0.507323
0.912891 0.688342
0.888672 0.466315
0.497656 0.326303
0.927344 0.445811
0.050391 0.091388
0.882812 0.724663
0.172266 0.769772
0.640234 0.405390
0.160938 0.927944
0.689453 0.467487
0.539844 0.309315
0.549609 0.669596
0.193750 0.151728
0.472266 0.711775
0.086328 0.947862
0.838281 0.543644
0.870313 0.444054
0.340625 0.199766
0.617969 0.436438
0.996875 0.824839
0.445312 0.457528
0.918359 0.400703
0.621875 0.979496
0.995313 0.987112
0.923828 0.379028
0.642578 0.671353
0.672656 0.378442
0.771484 0.484476
0.553906 0.379613
0.206641 0.420035
0.862109 0.451084
0.944922 0.424136
0.261328 0.216169
0.419531 0.319859
0.602344 0.692443
0.786328 0.548330
