0.794118 0.799117
0.838235 0.688742
0.367647 0.792494
0.535294 0.474614
0.660294 0.487859
0.579412 0.600442
0.567647 0.571744
0.977941 0.792494
0.480882 0.492274
0.577941 0.924945
0.404412 0.562914
0.820588 0.682119
0.289706 0.719647
0.611765 0.554084
0.779412 0.704194
0.916176 0.836645
0.710294 0.728477
0.670588 0.673289
0.552941 0.642384
0.444118 0.496689
0.941176 0.717439
0.569118 0.483444
0.539706 0.686534
0.647059 0.759382
0.329412 0.642384
0.644118 0.677704
0.623529 0.547461
0.870588 0.792494
0.657353 0.611479
0.677941 0.483444
0.326471 0.807947
0.294118 0.790287
0.267647 0.651214
0.460294 0.955850
0.536765 0.869757
0.877941 0.761589
0.836765 0.715232
0.544118 0.715232
0.450000 0.816777
0.561765 0.622517
0.579412 0.763797
0.351471 0.790287
0.397059 0.483444
0.633824 0.551876
0.208824 0.768212
0.630882 0.598234
0.323529 0.655629
0.176471 0.947020
0.636765 0.984547
0.939706 0.748344
0.375000 0.604857
0.457353 0.584989
0.816176 0.492274
0.598529 0.474614
0.260294 0.682119
0.136765 0.726269
0.350000 0.843267
0.516176 0.613687
0.473529 0.589404
0.667647 0.891832
0.717647 0.690949
0.123529 0.880795
0.582353 0.472406
0.354412 0.534216
0.630882 0.814570
0.411765 0.646799
0.504412 0.562914
0.508824 0.951435
0.322059 0.708609
0.733824 0.982340
0.594118 0.677704
0.305882 0.529801
0.685294 0.624724
0.594118 0.481236
0.751471 0.836645
0.358824 0.666667
0.576471 0.514349
0.510294 0.607064
0.447059 0.461369
0.314706 0.962472
0.344118 0.695364
0.466176 0.481236
0.773529 0.880795
0.644118 0.582781
0.650000 0.631347
0.158824 0.929360
0.613235 0.589404
0.567647 0.699779
0.966176 0.717439
0.336765 0.463576
0.575000 0.631347
0.427941 0.549669
0.648529 0.951435
0.691176 0.573951
0.486765 0.516556
0.333824 0.615894
0.444118 0.558499
0.582353 0.867550
0.367647 0.496689
0.638235 0.646799
0.529412 0.490066
0.607353 0.492274
0.091176 0.986755
0.592647 0.560706
0.427941 0.461369
0.363235 0.485651
0.277941 0.666667
0.597059 0.642384
0.620588 0.503311
0.375000 0.938190
0.492647 0.465784
0.750000 0.741722
0.375000 0.534216
0.423529 0.481236
0.254412 0.719647
0.476471 0.717439
0.923529 0.715232
0.475000 0.472406
0.502941 0.598234
0.629412 0.567329
0.491176 0.483444
0.670588 0.604857
0.604412 0.567329
0.332353 0.578366
0.769118 0.602649
0.377941 0.591611
0.783824 0.768212
0.848529 0.746137
0.905882 0.838852
0.573529 0.971302
0.491176 0.649007
0.520588 0.657837
0.477941 0.860927
0.410294 0.688742
0.660294 0.810155
0.095588 0.796909
0.400000 0.467991
0.085294 0.785872
0.369118 0.558499
0.416176 0.768212
0.686765 0.777042
0.829412 0.509934
0.661765 0.935982
0.535294 0.547461
0.169118 0.697572
0.680882 0.598234
0.467647 0.695364
0.933824 0.887417
0.350000 0.724062
0.845588 0.509934
0.572059 0.898455
0.597059 0.514349
0.488235 0.836645
0.548529 0.485651
0.842647 0.984547
0.905882 0.761589
0.938235 0.803532
0.219118 0.975717
0.180882 0.631347
0.529412 0.596026
0.738235 0.708609
0.642647 0.538631
0.230882 0.902870
0.492647 0.688742
0.719118 0.732892
0.145588 0.858720
0.261765 0.924945
0.267647 0.980132
0.527941 0.558499
0.961765 0.847682
0.466176 0.565121
0.485294 0.576159
0.311765 0.470199
0.445588 0.924945
0.200000 0.715232
0.964706 0.730684
0.370588 0.719647
0.423529 0.516556
0.705882 0.527594
0.761765 0.596026
0.794118 0.997792
0.372059 0.686534
0.664706 0.474614
0.051471 0.933775
0.389706 0.679912
0.329412 0.871965
0.422059 0.496689
0.397059 0.591611
0.632353 0.706402
0.504412 0.520971
0.300000 0.805740
0.288235 0.532009
0.691176 0.600442
0.383824 0.503311
0.522059 0.609272
0.630882 0.474614
0.388235 0.567329
0.522059 0.523179
0.707353 0.763797
0.717647 0.631347
0.208824 0.660044
0.451471 0.545254
0.004412 0.898455
0.247059 0.816777
0.377941 0.622517
0.914706 0.721854
0.386765 0.818985
0.625000 0.576159
0.552941 0.838852
0.398529 0.849890
0.433824 0.688742
0.558824 0.472406
0.460294 0.461369
0.580882 0.823400
0.516176 0.476821
0.636765 0.483444
0.435294 0.474614
0.798529 0.847682
0.427941 0.587196
0.467647 0.779249
0.792647 0.951435
0.894118 0.686534
0.845588 0.885210
0.294118 0.858720
0.391176 0.532009
0.411765 0.611479
0.647059 0.487859
0.863235 0.772627
0.119118 0.724062
0.325000 0.902870
0.266176 0.827815
0.389706 0.545254
0.507353 0.708609
0.238235 0.783664
0.629412 0.675497
0.676471 0.624724
0.544118 0.538631
0.260294 0.547461
0.530882 0.790287
0.704412 0.807947
0.597059 0.704194
0.522059 0.730684
0.977941 0.935982
0.723529 0.878587
0.613235 0.520971
0.891176 0.732892
0.322059 0.596026
0.097059 0.763797
0.814706 0.503311
0.963235 0.792494
0.901471 0.867550
0.447059 0.485651
0.316176 0.757174
0.908824 0.704194
0.516176 0.576159
0.495588 0.909492
0.619118 0.622517
0.972059 0.695364
0.529412 0.649007
0.676471 0.746137
0.617647 0.684327
0.698529 0.558499
0.452941 0.631347
0.547059 0.675497
0.525000 0.540839
0.408824 0.476821
0.333824 0.481236
0.360294 0.626932
0.657353 0.695364
0.416176 0.459161
0.604412 0.777042
0.300000 0.684327
0.622059 0.741722
0.629412 0.481236
0.914706 0.971302
0.664706 0.507726
0.438235 0.710817
0.458824 0.668874
0.733824 0.666667
0.852941 0.940397
0.466176 0.750552
0.657353 0.556291
0.429412 0.962472
0.613235 0.476821
0.282353 0.883002
0.289706 0.646799
0.207353 0.858720
0.685294 0.649007
0.891176 0.761589
0.102941 0.951435
0.422059 0.863135
0.558824 0.580574
0.851471 0.684327
0.245588 0.858720
0.436765 0.662252
0.514706 0.637969
0.369118 0.509934
0.627941 0.854305
0.345588 0.560706
0.682353 0.534216
0.430882 0.631347
0.700000 0.584989
0.592647 0.573951
0.544118 0.615894
0.566176 0.591611
0.583824 0.505519
0.297059 0.520971
0.583824 0.721854
0.991176 0.962472
0.697059 0.651214
0.586765 0.540839
0.672059 0.706402
0.710294 0.629139
0.030882 0.818985
0.410294 0.746137
0.764706 0.492274
0.667647 0.543046
0.236765 0.609272
0.483824 0.781457
0.919118 0.774834
0.439706 0.613687
0.454412 0.483444
0.375000 0.858720
0.430882 0.783664
0.352941 0.598234
0.576471 0.540839
0.411765 0.507726
0.716176 0.545254
0.850000 0.487859
0.266176 0.726269
0.383824 0.479029
0.948529 0.927152
0.872059 0.735099
0.242647 0.589404
0.564706 0.523179
0.522059 0.774834
0.985294 0.860927
0.466176 0.503311
0.070588 0.732892
0.286765 0.459161
0.332353 0.668874
0.564706 0.646799
0.808824 0.684327
0.223529 0.633554
0.408824 0.867550
0.372059 0.481236
0.023529 0.737307
0.529412 0.624724
0.500000 0.646799
0.557353 0.651214
0.382353 0.660044
0.473529 0.653422
0.882353 0.812362
0.741176 0.790287
0.695588 0.865342
0.720588 0.995585
0.852941 0.713024
0.560294 0.739514
0.776471 0.503311
0.966176 0.686534
0.197059 0.807947
0.614706 0.900662
0.939706 0.849890
0.267647 0.527594
0.477941 0.534216
0.905882 0.816777
0.027941 0.847682
0.635294 0.726269
0.305882 0.602649
0.741176 0.618102
0.698529 0.688742
0.544118 0.527594
0.463235 0.620309
0.397059 0.726269
0.567647 0.551876
