0.523684 0.719921
0.560526 0.520710
0.539474 0.566075
0.939474 0.473373
0.522368 0.566075
0.213158 0.558185
0.644737 0.619329
0.225000 0.619329
0.326316 0.587771
0.472368 0.534517
0.297368 0.672584
0.561842 0.579882
0.530263 0.538462
0.155263 0.621302
0.573684 0.696252
0.164474 0.571992
0.802632 0.536489
0.605263 0.530572
0.609211 0.500986
0.501316 0.504931
0.496053 0.619329
0.993421 0.676529
0.660526 0.524655
0.855263 0.534517
0.372368 0.581854
0.961842 0.471400
0.439474 0.629191
0.722368 0.579882
0.272368 0.583826
0.114474 0.646943
0.413158 0.534517
0.709211 0.455621
0.611842 0.577909
0.902632 0.577909
0.746053 0.664694
0.432895 0.536489
0.644737 0.455621
0.459211 0.950690
0.665789 0.700197
0.405263 0.550296
0.009211 0.540434
0.631579 0.550296
0.930263 0.552268
0.171053 0.769231
0.372368 0.621302
0.425000 0.613412
0.410526 0.583826
0.669737 0.568047
0.306579 0.552268
0.519737 0.495069
0.506579 0.558185
0.515789 0.597633
0.400000 0.623274
0.907895 0.514793
0.352632 0.573964
0.143421 0.571992
0.328947 0.621302
0.011842 0.629191
0.959211 0.613412
0.268421 0.974359
0.632895 0.524655
0.325000 0.558185
0.484211 0.514793
0.947368 0.502959
0.397368 0.489152
0.447368 0.575937
0.446053 0.554241
0.597368 0.548323
0.669737 0.591716
0.440789 0.524655
0.182895 0.650888
0.268421 0.637081
0.343421 0.674556
0.252632 0.617357
0.398684 0.721893
0.192105 0.579882
0.539474 0.633136
0.517105 0.526627
0.623684 0.637081
0.715789 0.520710
0.543421 0.597633
0.202632 0.605523
0.906579 0.712032
0.838158 0.627219
0.755263 0.627219
0.689474 0.461538
0.190789 0.625247
0.475000 0.571992
0.400000 0.573964
0.519737 0.664694
0.460526 0.666667
0.709211 0.668639
0.030263 0.542406
0.290789 0.591716
0.785526 0.597633
0.238158 0.591716
0.831579 0.583826
0.971053 0.439842
0.778947 0.536489
0.921053 0.495069
