0.116109 0.303318
0.100418 0.154028
0.550732 0.099526
0.448222 0.220379
0.343096 0.213270
0.607218 0.708531
0.866109 0.045024
0.334205 0.253555
0.641213 0.296209
0.826360 0.042654
0.250523 0.459716
0.185669 0.267773
0.835251 0.817536
0.699791 0.642180
0.232218 0.158768
0.604603 0.158768
0.794979 0.341232
0.959728 0.327014
0.411088 0.291469
0.592050 0.109005
0.057008 0.338863
0.489017 0.433649
0.787134 0.028436
0.139121 0.161137
0.221234 0.412322
0.864540 0.099526
0.435669 0.052133
0.050732 0.376777
0.458682 0.447867
0.557531 0.071090
0.697176 0.127962
0.948745 0.215640
0.392259 0.151659
0.497908 0.127962
0.076360 0.308057
0.762029 0.071090
0.724372 0.182464
0.900628 0.037915
0.894351 0.239336
0.316423 0.308057
0.548117 0.267773
0.519874 0.372038
0.627615 0.663507
0.461297 0.156398
0.565900 0.341232
0.523013 0.080569
0.627615 0.158768
0.398536 0.104265
0.089958 0.345972
0.037134 0.118483
0.408473 0.229858
0.518828 0.232227
0.070084 0.199052
0.733787 0.104265
0.695607 0.194313
0.807531 0.075829
0.025628 0.300948
0.455021 0.187204
0.268305 0.208531
0.459728 0.045024
0.266213 0.170616
0.407427 0.445498
0.335774 0.552133
0.737448 0.218009
0.769351 0.120853
0.104603 0.642180
0.847803 0.440758
0.114540 0.177725
0.648536 0.037915
0.958682 0.568720
0.486402 0.194313
0.764644 0.191943
0.942992 0.324645
0.505230 0.218009
0.133368 0.300948
0.072176 0.718009
0.682531 0.646919
0.217050 0.120853
0.189854 0.170616
0.416841 0.116114
0.591527 0.291469
0.518305 0.094787
0.497908 0.196682
0.711820 0.071090
0.082636 0.990521
0.165272 0.191943
0.571653 0.194313
0.383891 0.061611
0.400628 0.360190
0.214958 0.305687
0.472803 0.191943
0.588389 0.469194
0.812238 0.168246
0.327929 0.191943
0.231695 0.388626
0.925209 0.087678
0.779812 0.154028
0.368201 0.220379
0.244770 0.203791
0.183577 0.590047
0.924163 0.445498
0.587866 0.253555
0.153243 0.573460
0.748954 0.329384
0.645397 0.073460
0.273536 0.518957
0.483787 0.113744
0.821130 0.279621
0.493201 0.075829
0.610356 0.180095
0.545502 0.090047
0.554393 0.246445
0.001046 0.348341
0.328452 0.101896
0.359833 0.199052
0.440900 0.097156
0.392259 0.599526
0.312762 0.109005
0.844665 0.163507
0.575314 0.028436
0.398013 0.061611
0.483787 0.765403
0.079498 0.504739
0.685146 0.075829
0.247385 0.099526
0.177824 0.317536
0.562238 0.419431
0.883891 0.317536
0.430962 0.118483
0.564331 0.872038
0.399059 0.220379
0.583682 0.035545
0.090481 0.815166
0.743201 0.042654
0.840481 0.094787
0.054916 0.812796
0.466004 0.556872
0.858264 0.191943
0.297071 0.161137
0.682008 0.208531
0.703975 0.040284
0.553870 0.033175
0.166841 0.454976
0.051255 0.218009
0.915272 0.075829
0.075314 0.436019
0.970188 0.099526
0.232218 0.668246
0.532950 0.196682
0.649582 0.189573
0.621339 0.490521
0.787134 0.234597
0.895397 0.829384
0.215481 0.272512
0.721234 0.225118
0.529289 0.495261
0.987448 0.213270
0.473326 0.127962
0.744247 0.071090
0.496862 0.402844
0.513075 0.364929
0.918410 0.113744
0.472280 0.042654
0.335774 0.090047
0.350418 0.168246
0.765690 0.369668
0.137552 0.229858
0.750523 0.471564
0.003138 0.227488
0.201883 0.774882
0.358787 0.319905
0.708682 0.300948
0.413703 0.175355
0.687238 0.281991
0.493201 0.241706
0.900628 0.137441
0.629707 0.613744
0.574268 0.561611
0.125523 0.433649
0.720188 0.056872
0.309623 0.220379
0.187238 0.222749
0.568515 0.383886
0.921548 0.052133
0.497385 0.168246
0.531904 0.362559
0.241632 0.329384
0.135460 0.471564
0.180962 0.388626
0.477510 0.068720
0.494770 0.317536
0.700837 0.165877
0.001569 0.542654
0.086297 0.163507
0.807008 0.578199
0.627615 0.355450
0.943515 0.097156
0.164226 0.123223
0.149059 0.168246
0.342050 0.360190
0.490586 0.293839
0.012552 0.710900
0.365063 0.078199
0.228033 0.146919
0.695084 0.040284
0.177301 0.189573
0.800209 0.059242
0.129707 0.182464
0.981172 0.293839
0.533996 0.111374
0.594665 0.260664
0.619770 0.172986
0.707113 0.085308
0.355126 0.713270
0.834728 0.187204
0.445607 0.056872
0.641213 0.158768
0.128138 0.353081
0.466004 0.106635
0.028766 0.246445
0.310669 0.187204
0.507322 0.049763
0.889121 0.469194
0.847803 0.218009
0.542887 0.007109
0.409519 0.066351
0.430962 0.196682
0.299163 0.056872
0.680439 0.061611
0.587343 0.071090
0.210774 0.497630
0.672594 0.511848
0.207113 0.165877
0.386506 0.436019
0.353033 0.087678
0.424686 0.132701
0.435669 0.417062
0.819038 0.094787
0.729079 0.068720
0.934623 0.907583
0.524582 0.293839
0.380230 0.144550
0.572176 0.156398
0.560146 0.094787
0.000523 0.130332
0.602510 0.097156
0.676778 0.123223
0.438808 0.161137
0.852510 0.158768
0.550209 0.492891
0.388075 0.191943
0.258891 0.341232
0.838912 0.244076
0.887552 0.082938
0.522490 0.606635
0.384937 0.369668
0.602510 0.822275
0.225941 0.582938
0.070084 0.111374
0.599895 0.334123
0.986925 0.443128
0.282427 0.090047
0.347280 0.424171
0.793410 0.890995
0.480649 0.438389
0.787134 0.298578
0.419456 0.372038
0.322699 0.277251
0.815900 0.272512
0.796548 0.078199
0.790272 0.182464
0.176778 0.137441
0.382845 0.239336
0.470711 0.331754
0.154812 0.156398
0.844665 0.639810
0.772490 0.146919
0.069561 0.386256
0.575314 0.106635
0.552824 0.189573
0.893828 0.281991
