0.605769 0.379487
0.601923 0.387179
0.630769 0.435897
0.371154 0.407692
0.659615 0.417949
0.103846 0.420513
0.771154 0.374359
0.676923 0.379487
0.238462 0.451282
0.686538 0.394872
0.898077 0.379487
0.842308 0.433333
0.950000 0.425641
0.894231 0.397436
0.667308 0.451282
0.984615 0.435897
0.273077 0.400000
0.667308 0.394872
0.617308 0.394872
0.336538 0.402564
0.590385 0.394872
0.126923 0.494872
0.886538 0.364103
0.896154 0.484615
0.357692 0.451282
0.034615 0.456410
0.730769 0.497436
0.198077 0.400000
0.598077 0.464103
0.503846 0.379487
0.471154 0.446154
0.282692 0.407692
