0.016500 0.125281
0.247500 0.078020
0.188500 0.084771
0.832000 0.213803
0.689500 0.801200
0.255000 0.043511
0.583000 0.128282
0.405500 0.250563
0.368000 0.148537
0.274500 0.227307
0.252000 0.173293
0.492000 0.207052
0.061000 0.055514
0.576500 0.158290
0.295500 0.097524
0.958000 0.288822
0.534500 0.222056
0.526500 0.111778
0.867500 0.444111
0.094000 0.144786
0.750000 0.212303
0.983000 0.282071
0.251500 0.136534
0.713500 0.147787
0.154500 0.084771
0.171500 0.207802
0.140500 0.114029
0.848500 0.198800
0.541000 0.255064
0.955500 0.953488
0.547000 0.154539
0.057000 0.207052
0.025500 0.402101
0.591000 0.210803
0.328500 0.195049
0.265500 0.093773
0.140500 0.138035
0.421500 0.137284
0.416500 0.702926
0.046000 0.138785
0.036000 0.093773
0.418500 0.036759
0.699000 0.624156
0.403500 0.154539
0.431500 0.204051
0.000500 0.847712
0.500000 0.152288
0.216000 0.441860
0.141500 0.428357
0.282500 0.129032
0.091000 0.104276
0.454500 0.238560
0.219500 0.322581
0.115000 0.108027
0.265000 0.112528
0.526500 0.204051
0.501500 0.135034
0.213000 0.189797
0.675500 0.222056
0.667500 0.271568
0.874000 0.201050
0.049000 0.161290
0.132000 0.187547
0.145000 0.226557
0.992500 0.341335
0.048000 0.516879
0.337500 0.050263
0.578000 0.107277
0.488500 0.181545
0.073500 0.095274
0.443500 0.207052
0.594000 0.991748
0.909000 0.306077
0.571000 0.416354
0.437000 0.160540
0.222000 0.244561
0.944000 0.224306
0.356000 0.025506
0.869000 0.751688
0.370000 0.197299
0.519000 0.165791
0.507500 0.204051
0.392000 0.096024
0.465000 0.165791
0.545500 0.123031
0.672500 0.138035
0.756000 0.178545
0.278000 0.303826
0.103000 0.129032
0.825000 0.255814
0.027000 0.748687
0.334500 0.138035
0.907000 0.654914
0.196500 0.177044
0.322000 0.081020
0.365000 0.114029
0.504000 0.117029
0.047500 0.186797
0.004500 0.098275
0.419000 0.264816
0.430500 0.182296
0.762500 0.099025
0.096500 0.471868
0.371500 0.120030
0.059000 0.384846
0.128500 0.099025
0.523500 0.148537
0.268500 0.141785
0.186500 0.139535
0.291000 0.162041
0.243500 0.678170
0.303000 0.125281
0.419000 0.065266
0.736000 0.234809
0.316500 0.111028
0.952000 0.510128
0.491500 0.250563
0.346000 0.126032
0.801000 0.189797
0.725500 0.369092
0.141000 0.102026
0.090000 0.154539
0.708500 0.444861
0.085000 0.072768
0.802500 0.347337
0.035000 0.111778
0.373500 0.060015
0.057500 0.060015
0.599500 0.240810
0.689500 0.209302
0.017500 0.069767
0.148000 0.287322
0.125000 0.136534
0.680500 0.188297
0.166500 0.135784
0.107500 0.074269
0.160000 0.120780
0.537500 0.044261
0.712500 0.091523
0.184000 0.157539
0.826000 0.127532
0.802000 0.471118
0.470500 0.138785
0.478500 0.140285
0.063000 0.242311
0.001000 0.186797
0.508000 0.146287
0.759500 0.198050
0.087500 0.263316
0.445000 0.143286
0.746500 0.100525
0.851500 0.283571
0.835500 0.372843
0.930000 0.279820
0.095000 0.192798
0.215500 0.153038
0.160500 0.336084
0.380500 0.224306
0.712000 0.079520
0.559000 0.316579
0.406500 0.118530
0.381500 0.142536
0.220000 0.127532
0.076000 0.317329
0.416000 0.159040
0.750000 0.102776
0.240000 0.213803
0.169500 0.073518
0.278500 0.257314
0.393500 0.047262
0.465000 0.401350
0.288000 0.084771
0.521500 0.136534
0.314500 0.061515
0.348500 0.105026
0.249000 0.804951
0.049000 0.090023
