0.275380 0.431896
0.867859 0.403661
0.350390 0.456097
0.286272 0.433757
0.343814 0.440894
0.330456 0.437481
0.750308 0.428483
0.626182 0.433137
0.720715 0.432516
0.617756 0.439652
0.100904 0.444307
0.727291 0.448961
0.320797 0.425380
0.129675 0.453615
0.452117 0.440273
0.690506 0.428483
0.402795 0.437791
0.278668 0.538318
0.510275 0.452684
0.414509 0.439342
0.223387 0.427552
0.172215 0.436860
0.337443 0.448650
0.474928 0.434998
0.183107 0.442445
0.673037 0.434998
0.242704 0.431275
0.642828 0.439963
0.667900 0.437791
0.198726 0.444927
0.361488 0.438411
0.000617 0.422277
0.605836 0.443065
0.612824 0.438411
0.484587 0.438722
0.634813 0.437481
0.534525 0.441514
0.206535 0.444307
0.445335 0.443686
0.182902 0.413590
0.693999 0.442445
0.302507 0.439652
0.501644 0.423208
0.155158 0.443376
0.581381 0.431896
0.681052 0.443686
0.244143 0.517841
0.522195 0.441514
0.262022 0.435929
0.369503 0.427552
0.600082 0.439652
0.054871 0.415141
0.495068 0.430965
0.686395 0.438722
0.653720 0.439652
0.715372 0.436240
0.659885 0.440273
0.466297 0.431275
0.264694 0.459510
0.431771 0.434378
0.385738 0.450512
0.293876 0.405833
