0.497000 0.324000
0.789000 0.648000
0.557000 0.687000
0.442000 0.465000
0.472500 0.318000
0.627500 0.521000
0.411500 0.555000
0.220500 0.649000
0.411500 0.656000
0.470000 0.348000
0.493000 0.366000
0.826500 0.711000
0.470500 0.323000
0.196000 0.656000
0.510500 0.323000
0.491500 0.526000
0.115000 0.801000
0.168000 0.615000
0.545000 0.455000
0.652500 0.495000
0.568000 0.373000
0.392500 0.479000
0.453000 0.401000
0.496500 0.353000
0.485500 0.406000
0.501000 0.463000
0.229500 0.689000
0.488000 0.358000
0.441000 0.395000
0.634000 0.502000
0.450000 0.480000
0.571000 0.461000
0.601000 0.487000
0.455000 0.465000
0.549000 0.410000
0.505500 0.402000
0.502500 0.346000
0.509000 0.354000
0.509000 0.528000
0.818000 0.920000
0.496500 0.463000
0.432500 0.680000
0.465000 0.323000
0.930500 0.684000
0.473500 0.341000
0.336000 0.519000
0.154500 0.670000
0.493500 0.320000
0.526000 0.343000
0.771500 0.829000
0.038000 0.822000
0.460500 0.514000
0.518500 0.320000
0.554500 0.480000
0.392500 0.527000
0.487000 0.317000
0.953000 0.753000
0.772000 0.658000
0.719000 0.737000
0.564000 0.516000
0.665500 0.729000
0.455000 0.338000
0.615500 0.488000
0.357500 0.528000
0.527500 0.494000
0.527500 0.462000
0.484000 0.689000
0.411500 0.477000
0.863000 0.798000
0.470000 0.376000
0.718500 0.612000
0.400500 0.986000
0.391500 0.637000
0.524500 0.330000
0.265500 0.607000
0.513000 0.389000
0.522000 0.321000
0.528500 0.664000
0.290000 0.612000
0.984500 0.659000
0.671000 0.622000
0.272000 0.690000
0.441500 0.427000
0.582000 0.404000
0.528000 0.500000
0.459500 0.318000
0.462500 0.930000
0.465500 0.458000
0.541500 0.373000
0.483000 0.370000
0.986500 0.609000
0.431500 0.403000
0.518500 0.346000
0.457500 0.379000
0.600000 0.458000
0.562500 0.631000
0.462500 0.355000
0.483500 0.442000
0.394000 0.506000
0.461500 0.405000
0.487000 0.431000
0.498500 0.316000
0.815000 0.665000
0.640000 0.472000
0.505000 0.318000
0.529000 0.376000
0.409000 0.504000
0.491000 0.453000
0.305500 0.550000
0.558000 0.467000
0.907500 0.723000
0.539000 0.610000
0.606500 0.655000
0.565500 0.470000
0.644000 0.831000
0.717500 0.546000
0.613500 0.573000
0.201000 0.621000
0.528000 0.402000
0.563000 0.451000
0.508000 0.483000
0.486500 0.336000
0.422500 0.475000
0.606500 0.518000
0.485000 0.353000
0.433000 0.464000
0.185000 0.607000
0.454500 0.358000
0.546000 0.342000
0.208000 0.812000
0.507000 0.340000
0.417000 0.465000
0.598500 0.615000
0.570000 0.391000
0.492500 0.490000
0.455000 0.390000
0.667500 0.567000
0.227500 0.665000
0.543500 0.468000
0.505500 0.416000
0.504500 0.358000
0.195000 0.873000
0.473500 0.571000
0.488500 0.326000
0.495500 0.340000
0.375000 0.901000
0.486500 0.845000
0.613500 0.679000
0.520000 0.392000
0.841500 0.715000
0.564000 0.432000
0.492500 0.327000
0.132000 0.684000
0.492000 0.409000
0.526500 0.371000
0.334000 0.899000
0.508500 0.376000
0.423500 0.457000
0.496000 0.331000
0.425500 0.416000
0.424000 0.445000
0.459500 0.346000
0.528500 0.474000
0.414000 0.416000
0.654500 0.507000
0.431500 0.516000
0.469500 0.336000
0.756500 0.566000
0.742500 0.552000
0.600000 0.448000
0.624500 0.609000
0.545500 0.394000
0.385500 0.718000
0.467000 0.518000
0.473500 0.513000
0.518000 0.369000
0.403000 0.762000
0.583000 0.480000
0.453500 0.516000
0.565000 0.545000
0.928500 0.678000
0.561000 0.410000
0.478000 0.469000
0.533000 0.457000
0.488500 0.464000
0.471500 0.408000
0.479500 0.400000
0.974000 0.929000
0.392500 0.499000
0.470500 0.395000
0.460000 0.427000
0.370000 0.654000
0.551500 0.425000
0.477000 0.323000
0.416500 0.668000
0.929000 0.706000
0.811000 0.792000
0.535000 0.848000
0.590500 0.446000
0.588000 0.571000
0.577000 0.493000
0.599000 0.684000
0.507500 0.604000
0.558500 0.397000
0.777000 0.928000
0.514000 0.515000
0.501000 0.742000
0.508000 0.320000
0.480500 0.347000
0.911000 0.894000
0.642000 0.644000
0.578000 0.500000
0.471500 0.469000
0.838500 0.665000
0.520500 0.469000
0.947000 0.817000
0.728500 0.717000
0.510000 0.425000
0.526500 0.420000
0.491000 0.509000
0.579500 0.415000
0.367000 0.647000
0.459000 0.415000
0.792500 0.995000
0.439500 0.405000
0.606000 0.474000
0.472000 0.357000
0.502000 0.327000
0.336000 0.594000
0.489000 0.396000
0.477000 0.334000
0.560000 0.488000
0.492500 0.781000
0.464000 0.379000
0.605000 0.416000
0.659500 0.685000
0.394500 0.553000
0.457500 0.579000
0.472500 0.528000
0.603500 0.883000
0.464000 0.681000
0.585500 0.459000
0.618000 0.794000
0.492000 0.337000
0.830000 0.674000
0.475000 0.677000
0.132000 0.994000
0.342500 0.699000
0.528500 0.350000
0.324000 0.664000
0.453000 0.346000
0.514500 0.337000
