0.865104 0.765741
0.873437 0.643519
0.816146 0.688889
0.870833 0.694444
0.899479 0.501852
0.973958 0.611111
0.646354 0.661111
0.827083 0.852778
0.790625 0.905556
0.896354 0.597222
0.896354 0.525926
0.200521 0.563889
0.885938 0.629630
0.967708 0.664815
0.896875 0.642593
0.910937 0.619444
0.855729 0.589815
0.847396 0.529630
0.869792 0.656481
0.686458 0.623148
0.831771 0.764815
0.835417 0.636111
0.830208 0.529630
0.921354 0.512037
0.989062 0.630556
0.861979 0.598148
0.771875 0.990741
0.768750 0.600000
0.815625 0.532407
0.832292 0.602778
0.836979 0.533333
0.930208 0.523148
0.823438 0.645370
0.875521 0.527778
0.819271 0.533333
0.968750 0.517593
0.958854 0.497222
0.826562 0.595370
0.840104 0.613889
0.855208 0.528704
0.013542 0.582407
0.828646 0.617593
0.951042 0.628704
0.985417 0.524074
0.856771 0.650000
0.840625 0.682407
0.159896 0.568519
0.905729 0.516667
