0.908571 0.488889
0.830000 0.295556
0.672857 0.475556
0.500000 0.202222
0.364286 0.531111
0.691429 0.377778
0.837143 0.626667
0.987143 0.486667
0.702857 0.757778
0.552857 0.222222
0.205714 0.197778
0.128571 0.964444
0.794286 0.968889
0.334286 0.328889
0.115714 0.335556
0.051429 0.893333
0.978571 0.757778
0.278571 0.193333
0.891429 0.666667
0.811429 0.575556
0.640000 0.097778
0.167143 0.911111
0.215714 0.980000
0.507143 0.615556
0.907143 0.106667
0.407143 0.113333
0.538571 0.277778
0.028571 0.415556
0.837143 0.717778
0.840000 0.168889
0.255714 0.948889
0.944286 0.873333
0.521429 0.184444
0.478571 0.362222
0.241429 0.217778
0.078571 0.164444
0.205714 0.868889
0.465714 0.371111
0.852857 0.920000
0.445714 0.453333
0.712857 0.337778
0.567143 0.724444
0.098571 0.548889
0.135714 0.471111
0.164286 0.582222
0.307143 0.508889
0.765714 0.293333
0.727143 0.466667
0.801429 0.488889
0.945714 0.933333
0.368571 0.764444
0.188571 0.502222
0.462857 0.117778
0.015714 0.266667
0.771429 0.131111
0.512857 0.724444
0.398571 0.804444
0.087143 0.097778
0.608571 0.742222
0.531429 0.584444
0.477143 0.571111
0.090000 0.360000
0.470000 0.797778
0.870000 0.215556
0.470000 0.940000
0.181429 0.317778
0.298571 0.371111
0.138571 0.233333
0.530000 0.142222
0.762857 0.466667
0.370000 0.300000
0.777143 0.817778
0.298571 0.946667
0.128571 0.751111
0.190000 0.922222
0.171429 0.715556
0.922857 0.315556
0.820000 0.120000
0.648571 0.468889
0.885714 0.504444
0.534286 0.942222
0.344286 0.942222
0.280000 0.624444
0.460000 0.060000
0.652857 0.748889
0.027143 0.837778
0.781429 0.344444
0.217143 0.262222
0.435714 0.686667
0.884286 0.164444
0.861429 0.602222
0.715714 0.451111
0.852857 0.502222
0.571429 0.457778
0.005714 0.842222
0.417143 0.944444
0.632857 0.333333
0.460000 0.664444
0.680000 0.297778
0.242857 0.448889
0.012857 0.324444
0.840000 0.102222
0.172857 0.191111
0.102857 0.200000
0.087143 0.968889
0.942857 0.635556
0.295714 0.906667
0.528571 0.026667
0.768571 0.586667
0.045714 0.320000
0.320000 0.171111
0.067143 0.286667
0.748571 0.326667
0.931429 0.180000
0.755714 0.964444
0.305714 0.184444
0.217143 0.920000
0.615714 0.182222
0.564286 0.351111
0.562857 0.975556
0.527143 0.466667
0.841429 0.215556
0.912857 0.364444
0.450000 0.793333
0.242857 0.906667
0.874286 0.360000
0.192857 0.251111
0.972857 0.828889
0.170000 0.411111
0.231429 0.571111
0.117143 0.093333
0.945714 0.657778
0.960000 0.995556
0.060000 0.942222
0.840000 0.744444
0.335714 0.906667
0.295714 0.306667
0.892857 0.582222
0.828571 0.880000
0.574286 0.880000
0.727143 0.128889
0.574286 0.157778
0.414286 0.744444
0.210000 0.433333
0.714286 0.226667
0.405714 0.075556
0.777143 0.031111
0.447143 0.991111
0.108571 0.273333
0.415714 0.171111
0.945714 0.364444
0.507143 0.777778
0.142857 0.637778
0.211429 0.651111
0.362857 0.151111
0.821429 0.253333
0.454286 0.893333
0.777143 0.386667
0.427143 0.813333
0.672857 0.642222
0.155714 0.537778
0.935714 0.035556
0.885714 0.731111
0.827143 0.046667
0.167143 0.851111
0.365714 0.111111
0.005714 0.871111
0.297143 0.733333
0.412857 0.217778
0.530000 0.757778
0.068571 0.444444
0.104286 0.300000
0.384286 0.962222
0.931429 0.971111
0.864286 0.266667
0.077143 0.733333
0.638571 0.600000
0.364286 0.213333
0.381429 0.104444
0.431429 0.095556
0.785714 0.624444
0.957143 0.464444
0.595714 0.108889
0.787143 0.244444
0.420000 0.660000
0.061429 0.413333
0.210000 0.608889
0.345714 0.622222
0.132857 0.524444
0.608571 0.342222
0.630000 0.475556
0.754286 0.820000
0.510000 0.262222
0.085714 0.468889
0.107143 0.404444
0.088571 0.455556
0.715714 0.691111
0.167143 0.295556
0.831429 0.371111
0.381429 0.637778
0.221429 0.955556
0.408571 0.991111
0.891429 0.971111
0.501429 0.677778
0.124286 0.188889
0.921429 0.831111
0.975714 0.340000
