0.897000 0.564006
0.386500 0.560994
0.810500 0.785392
0.865000 0.527861
0.949500 0.670934
0.750000 0.679217
0.880500 0.628765
0.845000 0.603916
0.735000 0.595633
0.318500 0.591867
0.794000 0.569277
0.789500 0.542922
0.670000 0.676205
0.284000 0.750753
0.172000 0.664157
0.302500 0.656627
0.146000 0.557982
0.614000 0.565512
0.296500 0.556476
0.646500 0.847139
0.695000 0.631024
0.656000 0.581325
0.508000 0.626506
0.737500 0.734940
0.547500 0.667169
0.261000 0.559488
0.400000 0.557982
0.894000 0.688253
0.315500 0.553464
0.532500 0.581325
0.287500 0.627259
0.413000 0.588102
0.968000 0.606175
0.126000 0.578313
0.376000 0.594127
0.716000 0.637801
0.687000 0.568524
0.245000 0.631024
0.010500 0.559488
0.462000 0.571536
0.201000 0.631024
0.886000 0.585090
0.911000 0.612952
0.798000 0.600151
0.485500 0.846386
0.352000 0.545934
0.011500 0.591114
0.712000 0.530873
0.987500 0.728916
0.363500 0.682982
0.041500 0.671687
0.764000 0.604669
0.749000 0.655873
0.575000 0.578313
0.932500 0.571536
0.859000 0.591114
0.588000 0.653614
0.568500 0.614458
0.879000 0.770331
0.477500 0.734187
0.623500 0.710843
0.382000 0.694277
0.199000 0.657380
0.210000 0.612199
0.438000 0.720633
0.270000 0.575301
0.643000 0.615211
0.710500 0.671687
0.485000 0.499247
0.981000 0.687500
0.614000 0.604669
0.786500 0.615211
0.183500 0.626506
0.075500 0.597139
0.231000 0.601657
0.387500 0.619729
0.226500 0.565512
0.261500 0.660392
0.803500 0.870482
0.867500 0.615211
0.207500 0.560994
0.668500 0.638554
0.215000 0.593373
0.054000 0.581325
0.257500 0.618223
0.936000 0.609187
0.405000 0.629518
0.931000 0.552711
0.288000 0.914910
0.025500 0.551205
0.292000 0.584337
0.626500 0.562500
0.357500 0.614458
0.185000 0.742470
