0.537778 0.196013
0.831111 0.259136
0.893333 0.358804
0.826667 0.179402
0.195556 0.225914
0.082222 0.830565
0.204444 0.242525
0.773333 0.162791
0.853333 0.159468
0.695556 0.408638
0.188889 0.282392
0.648889 0.159468
0.571111 0.232558
0.000000 0.308970
0.266667 0.139535
0.482222 0.209302
0.882222 0.245847
0.188889 0.621262
0.411111 0.338870
0.491111 0.305648
0.311111 0.159468
0.026667 0.308970
0.242222 0.302326
0.882222 0.136213
0.335556 0.667774
0.551111 0.289037
0.524444 0.372093
0.968889 0.162791
0.144444 0.398671
0.004444 0.714286
0.940000 0.119601
0.248889 0.385382
0.440000 0.209302
0.737778 0.159468
0.180000 0.305648
0.377778 0.305648
0.211111 0.149502
0.062222 0.259136
0.386667 0.252492
0.868889 0.162791
0.913333 0.322259
0.137778 0.265781
0.851111 0.279070
0.753333 0.219269
0.291111 0.378738
0.300000 0.441860
0.824444 0.156146
0.302222 0.272425
0.402222 0.282392
0.144444 0.308970
0.664444 0.189369
0.455556 0.229236
0.037778 0.252492
0.393333 0.621262
0.555556 0.182724
0.177778 0.352159
0.144444 0.156146
0.004444 0.588040
0.564444 0.561462
0.580000 0.328904
0.595556 0.272425
0.284444 0.299003
0.297778 0.222591
0.268889 0.279070
0.257778 0.156146
0.780000 0.621262
0.717778 0.162791
0.055556 0.279070
0.937778 0.149502
0.344444 0.259136
0.273333 0.348837
0.802222 0.431894
0.475556 0.272425
0.526667 0.252492
0.555556 0.481728
0.977778 0.252492
0.688889 0.179402
0.680000 0.176080
0.753333 0.186047
0.651111 0.534884
0.440000 0.126246
0.695556 0.342193
0.800000 0.169435
0.915556 0.152824
0.224444 0.272425
0.535556 0.109635
0.022222 0.415282
0.611111 0.186047
0.022222 0.279070
0.324444 0.282392
0.393333 0.212625
0.075556 0.285714
0.784444 0.192691
0.411111 0.212625
0.011111 0.335548
0.900000 0.504983
0.702222 0.172757
0.262222 0.315615
0.751111 0.747508
0.366667 0.235880
0.111111 0.312292
0.435556 0.295681
0.515556 0.418605
0.051111 0.318937
0.313333 0.289037
0.068889 0.388704
0.597778 0.219269
0.462222 0.312292
0.111111 0.684385
0.344444 0.541528
0.124444 0.255814
0.468889 0.196013
0.968889 0.132890
0.017778 0.368771
0.220000 0.308970
0.864444 0.192691
0.100000 0.279070
0.264444 0.481728
0.086667 0.308970
0.353333 0.318937
0.966667 0.199336
0.368889 0.275748
0.804444 0.149502
0.388889 0.302326
0.895556 0.418605
0.482222 0.242525
0.124444 0.352159
0.602222 0.700997
0.424444 0.215947
0.646667 0.431894
0.737778 0.521595
0.435556 0.345515
0.146667 0.511628
0.953333 0.229236
0.917778 0.192691
0.760000 0.172757
0.346667 0.461794
0.788889 0.159468
0.264444 0.604651
0.728889 0.318937
0.497778 0.205980
0.268889 0.222591
0.651111 0.222591
0.102222 0.551495
0.222222 0.355482
0.091111 0.342193
0.040000 0.707641
0.342222 0.398671
0.882222 0.186047
0.526667 0.199336
0.213333 0.245847
0.242222 0.332226
0.313333 0.225914
0.253333 0.235880
0.720000 0.189369
0.602222 0.455150
0.922222 0.282392
0.460000 0.368771
