0.488995 0.410703
0.357158 0.376167
0.802136 0.523647
0.242972 0.360299
0.131183 0.475109
0.543909 0.532047
0.382000 0.461108
0.301809 0.325140
0.387448 0.570317
0.363696 0.841942
0.455437 0.471686
0.472216 0.263223
0.516234 0.495955
0.525169 0.984443
0.383744 0.346920
0.388320 0.494711
0.433210 0.510890
0.366529 0.342253
0.280889 0.330429
0.202223 0.783136
0.361517 0.302427
0.386359 0.475420
0.404445 0.342253
0.104162 0.536092
0.753977 0.956752
0.404228 0.263223
0.238614 0.584319
0.171715 0.072184
0.715188 0.705352
0.069296 0.470753
0.895184 0.527069
0.238614 0.321717
0.340597 0.349720
0.471345 0.400436
0.078448 0.481332
0.195467 0.493155
0.329919 0.439328
0.112443 0.664904
0.899107 0.595520
0.272390 0.604543
0.783177 0.760734
0.481151 0.666770
0.430159 0.544804
0.390063 0.266335
0.555241 0.545115
0.275223 0.347853
0.544781 0.884256
0.115494 0.636590
0.077141 0.457996
0.330791 0.551960
0.389192 0.519291
0.519721 0.560672
0.084986 0.158992
0.337764 0.516490
0.227718 0.337586
0.621486 0.731798
0.337328 0.294026
0.396818 0.833230
0.098932 0.085874
0.243408 0.305849
0.349531 0.323273
0.230769 0.471686
0.512966 0.254512
0.713445 0.575918
0.933101 0.627567
0.565701 0.473553
0.334931 0.488488
0.475703 0.507156
0.165613 0.241133
0.666594 0.858121
0.284376 0.286559
0.139464 0.518668
0.624319 0.604854
0.366311 0.475420
0.963173 0.721842
0.188494 0.574362
0.781216 0.612943
0.586184 0.600809
0.677054 0.617610
0.580954 0.517424
0.434081 0.369322
0.884289 0.560983
0.447810 0.397946
0.370887 0.377722
0.134452 0.589919
0.214208 0.186994
0.882327 0.740821
0.754195 0.555383
0.938549 0.682950
0.642624 0.541381
0.862497 0.564717
0.269122 0.326073
0.899760 0.649347
0.459795 0.516490
0.250817 0.202862
0.256265 0.245800
0.461974 0.369944
0.132491 0.068762
