0.429688 0.394444
0.419531 0.411111
0.258594 0.350000
0.737500 0.429167
0.369531 0.319444
0.528906 0.406944
0.991406 0.379167
0.920312 0.386111
0.394531 0.369444
0.131250 0.358333
0.375781 0.397222
0.757812 0.331944
0.662500 0.398611
0.341406 0.340278
0.677344 0.318056
0.886719 0.322222
0.602344 0.630556
0.460156 0.373611
0.382031 0.322222
0.526563 0.316667
0.771094 0.334722
0.360938 0.356944
0.767969 0.409722
0.393750 0.408333
0.631250 0.320833
0.689063 0.372222
0.950781 0.316667
0.154688 0.341667
0.710156 0.341667
0.758594 0.372222
0.305469 0.341667
0.345313 0.369444
0.317969 0.348611
0.784375 0.345833
0.602344 0.359722
0.557813 0.430556
0.122656 0.363889
0.322656 0.320833
0.683594 0.384722
0.320312 0.368056
0.813281 0.327778
0.545312 0.387500
0.452344 0.320833
0.664844 0.330556
0.677344 0.327778
0.734375 0.591667
0.535937 0.318056
0.786719 0.319444
0.523438 0.334722
0.030469 0.361111
0.585156 0.383333
0.523438 0.384722
0.345313 0.334722
0.443750 0.386111
0.353125 0.337500
0.489063 0.420833
0.392188 0.395833
0.465625 0.388889
0.677344 0.354167
0.564844 0.345833
0.290625 0.476389
0.910937 0.358333
0.375781 0.365278
0.873437 0.326389
0.589063 0.337500
0.392188 0.319444
0.853906 0.362500
0.718750 0.318056
0.935937 0.338889
0.444531 0.355556
0.287500 0.333333
0.790625 0.434722
0.172656 0.343056
0.798438 0.544444
0.041406 0.494444
0.099219 0.454167
0.376563 0.329167
0.572656 0.319444
0.685156 0.327778
0.599219 0.336111
0.695312 0.333333
0.412500 0.393056
0.303906 0.322222
0.470313 0.375000
0.117188 0.409722
0.262500 0.331944
0.576562 0.398611
0.271875 0.333333
0.473438 0.320833
0.340625 0.320833
0.042969 0.526389
0.915625 0.343056
0.610938 0.398611
0.110937 0.541667
0.835938 0.327778
0.994531 0.406944
0.050000 0.484722
0.339062 0.451389
0.529687 0.388889
0.576562 0.338889
0.617188 0.331944
0.250000 0.333333
0.580469 0.325000
0.325000 0.343056
0.493750 0.355556
0.446875 0.334722
0.227344 0.326389
0.651563 0.363889
0.294531 0.344444
0.482031 0.340278
0.107031 0.352778
0.859375 0.341667
0.607812 0.323611
0.664062 0.381944
0.617969 0.391667
0.556250 0.393056
0.393750 0.330556
0.489844 0.326389
0.446094 0.619444
0.015625 0.583333
0.146094 0.465278
0.051562 0.373611
0.478906 0.327778
0.423438 0.320833
0.168750 0.522222
0.935937 0.359722
0.829688 0.350000
0.437500 0.412500
0.433594 0.330556
0.079687 0.544444
0.994531 0.352778
0.733594 0.333333
0.357812 0.326389
0.275781 0.351389
0.888281 0.404167
0.478906 0.359722
0.507812 0.395833
0.222656 0.434722
0.486719 0.390278
0.751563 0.343056
0.592969 0.394444
0.989844 0.422222
0.266406 0.343056
0.800781 0.344444
0.875000 0.351389
0.297656 0.356944
0.188281 0.368056
0.778906 0.427778
0.741406 0.393056
0.296875 0.326389
0.750781 0.481944
0.407031 0.338889
0.216406 0.315278
0.087500 0.373611
0.710938 0.333333
0.552344 0.369444
0.982812 0.402778
0.010156 0.372222
0.948438 0.393056
0.459375 0.390278
0.964063 0.354167
0.377344 0.388889
0.619531 0.376389
0.641406 0.338889
0.242188 0.387500
0.050000 0.506944
0.220312 0.340278
0.881250 0.340278
0.632812 0.368056
0.510938 0.322222
0.436719 0.325000
0.401562 0.358333
0.364844 0.331944
0.751563 0.380556
0.467969 0.322222
0.021875 0.391667
0.664062 0.429167
0.653125 0.322222
0.196875 0.351389
0.546875 0.326389
