0.649333 0.607735
0.268667 0.645304
0.211333 0.760221
0.252667 0.597790
0.436000 0.853039
0.706667 0.677348
0.847333 0.483978
0.322000 0.734807
0.139333 0.773481
0.949333 0.743646
0.964667 0.585635
0.517333 0.639779
0.113333 0.607735
0.726000 0.619890
0.720667 0.614365
0.502667 0.649724
0.957333 0.653039
0.480000 0.635359
0.392667 0.661878
0.710000 0.612155
0.246667 0.656354
0.873333 0.493923
0.365333 0.620994
0.319333 0.656354
0.228667 0.638674
0.857333 0.605525
0.580667 0.639779
0.774667 0.769061
0.265333 0.503867
0.518000 0.792265
0.664000 0.489503
0.523333 0.594475
0.948667 0.577901
0.307333 0.627624
0.688000 0.607735
0.382667 0.500552
0.486000 0.779006
0.293333 0.501657
0.919333 0.930387
0.906667 0.574586
0.986667 0.572376
0.066000 0.669613
0.303333 0.671823
0.510000 0.690608
0.550000 0.507182
0.848000 0.581215
0.140667 0.664088
0.181333 0.659669
0.171333 0.632044
0.813333 0.697238
0.898000 0.767956
0.011333 0.656354
0.739333 0.601105
0.541333 0.691713
0.232667 0.897238
0.496000 0.724862
0.321333 0.959116
0.391333 0.632044
0.611333 0.622099
0.841333 0.591160
0.860667 0.575691
0.792667 0.719337
0.566667 0.614365
0.462667 0.586740
0.515333 0.604420
0.962667 0.609945
0.907333 0.482873
0.968667 0.479558
0.080667 0.690608
0.763333 0.581215
0.842667 0.681768
0.875333 0.669613
0.516667 0.503867
0.410667 0.627624
0.186000 0.643094
0.206000 0.640884
0.987333 0.649724
0.989333 0.485083
0.353333 0.500552
0.846667 0.760221
0.711333 0.635359
0.076000 0.624309
0.221333 0.659669
0.411333 0.607735
0.179333 0.691713
0.592667 0.592265
0.364000 0.623204
0.027333 0.558011
0.753333 0.622099
0.006000 0.719337
0.439333 0.624309
0.534667 0.601105
0.721333 0.596685
0.854000 0.643094
0.621333 0.708287
0.892667 0.605525
0.568000 0.655249
0.028000 0.655249
0.732000 0.633149
0.366667 0.661878
0.748667 0.603315
0.167333 0.675138
0.319333 0.627624
0.820000 0.580110
0.580000 0.501657
0.402667 0.493923
0.292000 0.653039
0.807333 0.618785
0.402000 0.611050
0.478667 0.592265
0.790000 0.596685
0.029333 0.729282
0.838667 0.629834
0.269333 0.609945
0.945333 0.603315
0.838000 0.601105
0.368000 0.725967
0.752000 0.674033
0.498000 0.597790
0.686000 0.640884
0.345333 0.624309
0.528667 0.737017
0.638667 0.491713
0.920000 0.584530
0.264667 0.754696
0.548000 0.609945
0.866000 0.596685
0.326667 0.644199
0.132000 0.687293
0.744000 0.588950
0.744667 0.898343
0.832667 0.582320
0.177333 0.605525
0.420667 0.502762
0.978667 0.602210
0.322000 0.502762
0.761333 0.719337
0.930667 0.601105
0.776667 0.605525
0.766000 0.624309
0.654667 0.659669
0.483333 0.476243
0.424667 0.636464
0.092000 0.506077
0.460000 0.602210
0.420000 0.729282
0.793333 0.609945
0.920000 0.641989
0.453333 0.613260
0.098000 0.670718
0.820000 0.603315
0.610667 0.502762
0.986667 0.628729
0.068000 0.748066
0.928000 0.486188
0.053333 0.675138
