0.745833 0.378906
0.157812 0.778906
0.455729 0.010937
0.003125 0.510938
0.536979 0.468750
0.313542 0.114844
0.626563 0.493750
0.949479 0.022656
0.675521 0.842187
0.308333 0.607812
0.033854 0.084375
0.792708 0.194531
0.396354 0.753906
0.486458 0.010937
0.428125 0.371875
0.339583 0.748437
0.117708 0.064062
0.984896 0.326562
0.990625 0.603125
0.105729 0.238281
0.150521 0.660156
0.496354 0.371875
0.920833 0.188281
0.877604 0.096875
0.525000 0.573438
0.298438 0.069531
0.465625 0.320312
0.508854 0.178125
0.360938 0.744531
0.742188 0.921875
0.606250 0.565625
0.069271 0.708594
0.890104 0.241406
0.578646 0.503906
0.128125 0.433594
0.936979 0.852344
0.529167 0.482031
0.423438 0.792969
0.131771 0.710156
0.584896 0.143750
0.034375 0.850781
0.843229 0.757031
0.256771 0.076563
0.194271 0.996875
0.496875 0.980469
0.783854 0.365625
0.900521 0.076563
0.250521 0.502344
0.182812 0.814063
0.151042 0.006250
0.098958 0.645312
0.513021 0.228906
0.065625 0.488281
0.993750 0.798438
0.629687 0.171094
0.171875 0.368750
0.529687 0.083594
0.723437 0.041406
0.696354 0.342969
0.129167 0.300000
0.608854 0.567187
0.001042 0.681250
0.634896 0.516406
0.047917 0.778125
0.311979 0.814844
0.527604 0.924219
0.001563 0.482031
0.706771 0.126562
0.265625 0.539844
0.883333 0.975781
0.636458 0.625000
0.028646 0.251563
0.210938 0.089063
0.011458 0.599219
0.464583 0.836719
0.327604 0.057813
0.992188 0.075000
0.219792 0.121094
0.957812 0.377344
0.614062 0.257031
0.744792 0.262500
0.731771 0.079687
0.000521 0.035937
0.506250 0.153906
0.050000 0.107813
0.020313 0.572656
0.448437 0.760938
0.068229 0.243750
0.559375 0.246875
0.721354 0.420312
0.041667 0.189062
0.311979 0.563281
0.414062 0.932813
0.001042 0.276562
0.694792 0.645312
0.450521 0.065625
0.122396 0.853906
0.000521 0.143750
0.282292 0.811719
0.758854 0.097656
0.697396 0.787500
0.605729 0.797656
0.039062 0.882031
0.290104 0.438281
0.215625 0.007031
0.710417 0.244531
0.602604 0.575000
0.219271 0.581250
0.140104 0.164844
0.072917 0.457813
0.694271 0.083594
0.924479 0.237500
0.257812 0.283594
0.761979 0.449219
0.704167 0.850781
0.583333 0.289062
0.722396 0.003906
0.205208 0.855469
0.335417 0.459375
0.041667 0.400781
0.400521 0.104688
0.798438 0.814844
0.811458 0.084375
0.414583 0.414844
0.043229 0.508594
0.507812 0.742969
0.906250 0.689063
0.022917 0.847656
0.473438 0.653125
0.382812 0.470313
0.672396 0.182812
0.509896 0.552344
0.852604 0.318750
0.666146 0.303125
0.766146 0.128125
0.430729 0.615625
0.790104 0.224219
0.713021 0.189062
0.735938 0.553906
0.902604 0.967187
0.266667 0.403125
0.458333 0.771094
0.601562 0.934375
0.589063 0.111719
0.578125 0.557031
0.719792 0.597656
0.228125 0.996875
0.078646 0.777344
0.699479 0.576562
0.394792 0.563281
0.629167 0.584375
0.601562 0.340625
0.996354 0.232813
0.360938 0.051562
0.575521 0.496094
0.936979 0.339062
0.952604 0.092188
0.497917 0.709375
0.759896 0.824219
0.656771 0.388281
0.631771 0.925000
0.667188 0.804688
0.040104 0.710156
0.008854 0.413281
0.309375 0.735938
0.184375 0.180469
0.871354 0.699219
0.414583 0.717969
0.816667 0.527344
0.638542 0.140625
0.352083 0.810937
0.666146 0.764062
0.067708 0.571875
0.476562 0.203125
0.222396 0.739844
0.667188 0.853906
0.915104 0.137500
0.061458 0.542969
0.122396 0.342969
0.698958 0.528906
0.363021 0.875781
0.775521 0.881250
0.165104 0.560937
0.963021 0.858594
0.844271 0.827344
0.347396 0.562500
0.367708 0.258594
0.549479 0.510156
0.549479 0.734375
0.052083 0.275781
0.597396 0.638281
0.196875 0.622656
0.167708 0.275781
0.372396 0.213281
0.257292 0.138281
0.178646 0.671094
0.833854 0.556250
0.057813 0.664844
0.267708 0.628125
0.238021 0.241406
0.414583 0.596875
0.593229 0.185938
0.308333 0.218750
0.275000 0.106250
0.835938 0.107031
0.670833 0.245312
0.144271 0.898438
0.337500 0.503125
0.907292 0.942187
0.861458 0.376563
0.363542 0.473438
0.007812 0.733594
0.558854 0.647656
0.629687 0.796875
0.564583 0.160938
0.801562 0.434375
0.968229 0.238281
0.042708 0.013281
0.864583 0.439063
0.005208 0.808594
0.478646 0.596875
0.523438 0.639062
0.265625 0.922656
0.406250 0.004687
0.436979 0.474219
0.861458 0.561719
0.967708 0.635156
0.628125 0.955469
0.882812 0.911719
0.519271 0.423438
0.629687 0.289844
0.878646 0.957812
0.469271 0.545312
0.214062 0.275781
0.366667 0.101562
0.468229 0.421094
0.472917 0.714063
0.301563 0.943750
0.877083 0.214062
0.173958 0.736719
0.358854 0.775781
0.577083 0.909375
0.303646 0.492969
0.724479 0.860156
0.840104 0.900000
0.884896 0.753906
0.097917 0.543750
0.185938 0.468750
0.879687 0.773438
0.069271 0.996094
0.219271 0.225000
0.236979 0.819531
0.134375 0.101562
0.675521 0.121094
0.881771 0.128906
0.941146 0.458594
0.109896 0.603125
0.607812 0.228125
0.789062 0.541406
0.019271 0.263281
0.543229 0.328125
0.826562 0.430469
0.963021 0.118750
0.763542 0.886719
0.353125 0.622656
0.323437 0.926562
0.895833 0.671094
0.171875 0.079687
0.660937 0.428906
0.848958 0.033594
0.815104 0.828125
0.831250 0.242188
0.184375 0.564063
0.282813 0.064062
0.386979 0.637500
0.451562 0.417969
0.160938 0.084375
0.078125 0.043750
0.918229 0.046094
0.756771 0.596875
0.085938 0.850000
0.406250 0.053906
0.791667 0.082031
0.414583 0.471875
0.230729 0.403125
0.437500 0.523438
0.386979 0.671094
0.019792 0.528906
0.172917 0.215625
0.773438 0.825781
0.213542 0.048438
0.922917 0.691406
0.953646 0.950000
0.151562 0.587500
0.322396 0.085156
0.403125 0.126562
0.972396 0.036719
0.750000 0.622656
0.183854 0.392969
0.337500 0.346094
0.350521 0.148438
0.668750 0.557031
0.148958 0.821094
0.449479 0.976562
0.290625 0.174219
0.911458 0.505469
0.088021 0.278125
0.080729 0.094531
0.964063 0.695312
0.732812 0.724219
0.735938 0.824219
