0.380000 0.359890
0.452857 0.269231
0.022857 0.483516
0.322857 0.862637
0.932857 0.357143
0.062857 0.277473
0.722857 0.851648
0.798571 0.244505
0.754286 0.291209
0.477143 0.662088
0.718571 0.565934
0.612857 0.991758
0.007143 0.664835
0.972857 0.390110
0.904286 0.376374
0.027143 0.302198
0.517143 0.329670
0.931429 0.285714
0.862857 0.225275
0.110000 0.969780
0.651429 0.810440
0.284286 0.489011
0.407143 0.706044
0.037143 0.494505
0.752857 0.346154
0.837143 0.280220
0.778571 0.211538
0.701429 0.662088
0.125714 0.434066
0.107143 0.782967
0.875714 0.467033
0.945714 0.670330
0.431429 0.483516
0.701429 0.354396
0.257143 0.293956
0.111429 0.293956
0.805714 0.445055
0.058571 0.403846
0.542857 0.832418
0.134286 0.368132
0.674286 0.906593
0.655714 0.469780
0.330000 0.401099
0.477143 0.450549
0.838571 0.203297
0.150000 0.923077
0.810000 0.115385
0.208571 0.546703
0.114286 0.337912
0.980000 0.788462
0.365714 0.439560
0.108571 0.524725
0.468571 0.211538
0.681429 0.307692
0.920000 0.239011
0.904286 0.304945
0.147143 0.546703
0.372857 0.568681
0.622857 0.126374
0.734286 0.719780
0.627143 0.483516
0.694286 0.324176
0.400000 0.947802
0.041429 0.906593
0.271429 0.615385
0.982857 0.892857
0.545714 0.214286
0.037143 0.296703
0.881429 0.291209
0.167143 0.436813
0.017143 0.409341
0.402857 0.881868
0.058571 0.673077
0.574286 0.368132
0.751429 0.384615
0.828571 0.859890
0.644286 0.307692
0.844286 0.480769
0.728571 0.379121
0.795714 0.189560
0.627143 0.618132
0.222857 0.335165
0.662857 0.109890
0.358571 0.343407
0.102857 0.879121
0.830000 0.230769
0.145714 0.980769
0.317143 0.763736
0.724286 0.277473
0.284286 0.697802
0.785714 0.337912
0.851429 0.398352
0.590000 0.689560
0.438571 0.368132
0.685714 0.098901
0.337143 0.972527
0.285714 0.398352
0.565714 0.326923
0.574286 0.431319
0.751429 0.497253
0.215714 0.771978
0.988571 0.549451
0.190000 0.478022
0.544286 0.373626
0.377143 0.978022
0.940000 0.420330
0.598571 0.530220
0.192857 0.403846
0.362857 0.508242
0.007143 0.274725
0.975714 0.112637
0.255714 0.868132
0.768571 0.304945
0.570000 0.865385
0.518571 0.758242
0.502857 0.489011
0.914286 0.005495
0.408571 0.576923
0.872857 0.535714
0.414286 0.403846
0.262857 0.401099
0.051429 0.513736
0.160000 0.472527
0.014286 0.975275
0.388571 0.439560
0.208571 0.445055
0.027143 0.340659
0.167143 0.335165
0.868571 0.195055
0.444286 0.958791
0.317143 0.928571
0.675714 0.065934
0.522857 0.648352
0.292857 0.442308
0.738571 0.321429
0.057143 0.747253
0.985714 0.244505
0.965714 0.145604
0.758571 0.436813
0.918571 0.549451
0.597143 0.131868
0.084286 0.461538
0.015714 0.582418
0.027143 0.837912
0.685714 0.387363
0.200000 0.315934
0.224286 0.978022
0.487143 0.807692
0.091429 0.502747
0.537143 0.469780
0.565714 0.162088
0.362857 0.302198
0.818571 0.354396
0.627143 0.892857
0.162857 0.280220
0.742857 0.250000
0.711429 0.085165
0.594286 0.329670
0.561429 0.494505
0.451429 0.398352
0.620000 0.288462
0.902857 0.123626
0.685714 0.439560
0.648571 0.392857
0.994286 0.659341
0.727143 0.206044
0.304286 0.508242
0.367143 0.804945
0.002857 0.387363
0.868571 0.818681
0.550000 0.271978
0.237143 0.458791
0.760000 0.895604
0.782857 0.137363
0.965714 0.293956
0.361429 0.914835
0.088571 0.398352
0.717143 0.434066
0.517143 0.129121
0.674286 0.978022
0.750000 0.173077
0.805714 0.299451
0.071429 0.313187
0.225714 0.409341
0.892857 0.942308
0.254286 0.519231
0.718571 0.313187
0.601429 0.217033
0.950000 0.579670
0.201429 0.269231
0.815714 0.703297
0.084286 0.354396
0.381429 0.310440
0.325714 0.623626
0.122857 0.280220
0.695714 0.848901
0.327143 0.543956
0.645714 0.714286
0.767143 0.167582
0.592857 0.288462
0.265714 0.329670
0.521429 0.903846
0.048571 0.370879
0.545714 0.642857
0.410000 0.343407
0.928571 0.109890
0.307143 0.313187
0.881429 0.626374
0.957143 0.472527
0.388571 0.491758
0.585714 0.777473
0.772857 0.750000
0.834286 0.758242
0.165714 0.384615
0.931429 0.057692
0.431429 0.428571
0.235714 0.359890
0.472857 0.403846
0.702857 0.189560
0.990000 0.151099
0.438571 0.706044
0.580000 0.206044
0.362857 0.398352
0.041429 0.623626
0.691429 0.500000
0.007143 0.332418
0.332857 0.480769
0.058571 0.439560
0.335714 0.315934
0.348571 0.873626
0.721429 0.140110
0.410000 0.291209
0.148571 0.596154
0.995714 0.101648
0.007143 0.793956
0.975714 0.195055
0.957143 0.269231
0.515714 0.975275
0.698571 0.233516
0.692857 0.145604
0.955714 0.027473
0.617143 0.384615
0.454286 0.519231
0.477143 0.318681
0.332857 0.340659
0.574286 0.271978
0.897143 0.453297
0.217143 0.373626
0.925714 0.766484
0.948571 0.203297
0.248571 0.271978
0.992857 0.296703
0.745714 0.557692
0.067143 0.818681
0.068571 0.967033
0.282857 0.788462
0.151429 0.695055
0.825714 0.195055
0.495714 0.313187
0.730000 0.972527
0.880000 0.247253
0.634286 0.291209
