0.359500 0.371274
0.314897 0.220867
0.677966 0.535230
0.545941 0.635501
0.545941 0.422764
0.805531 0.306233
0.766280 0.146341
0.126673 0.252033
0.563782 0.000000
0.724353 0.673442
0.150758 0.181572
0.857270 0.654472
0.782337 0.237127
0.111508 0.521680
0.595897 0.031165
0.876004 0.121951
0.733274 0.021680
0.991079 0.082656
0.502230 0.231707
0.397859 0.233062
0.641392 0.378049
0.305977 0.311653
0.386262 0.445799
0.168599 0.059621
0.035682 0.727642
0.218555 0.140921
0.580731 0.199187
0.975022 0.228997
0.133809 0.004065
0.176628 0.359079
0.502230 0.532520
0.313113 0.607046
0.933988 0.406504
0.857270 0.018970
0.553078 0.355014
0.266726 0.054201
0.334523 0.009485
0.071365 0.037940
0.683318 0.245257
0.039251 0.281843
0.020517 0.166667
0.950045 0.780488
0.836753 0.483740
0.297056 0.493225
0.247993 0.662602
0.520963 0.043360
0.409456 0.037940
