0.503000 0.234234
0.297000 0.222222
0.848000 0.321321
0.805000 0.282282
0.137000 0.234234
0.587000 0.169670
0.354000 0.235736
0.057000 0.297297
0.709000 0.301802
0.389000 0.201201
0.755000 0.307808
0.214000 0.276276
0.857000 0.342342
0.458000 0.246246
0.325000 0.249249
0.251000 0.259760
0.173000 0.240240
0.033000 0.309309
0.698000 0.295796
0.465000 0.246246
0.481000 0.258258
0.421000 0.228228
0.202000 0.283784
0.342000 0.247748
0.277000 0.241742
0.682000 0.285285
0.538000 0.228228
0.726000 0.315315
0.451000 0.247748
0.095000 0.285285
0.654000 0.249249
0.406000 0.243243
0.315000 0.252252
0.229000 0.258258
0.985000 0.381381
0.725000 0.279279
