0.258789 0.651042
0.285156 0.843750
0.062500 0.541667
0.261719 0.660156
0.098633 0.723958
0.788086 0.470052
0.250977 0.891927
0.134766 0.864583
0.363281 0.600260
0.795898 0.486979
0.137695 0.761719
0.031250 0.677083
0.480469 0.555990
0.184570 0.533854
0.693359 0.480469
0.180664 0.686198
0.039062 0.934896
0.299805 0.578125
0.557617 0.555990
0.833008 0.602865
0.536133 0.569010
0.215820 0.680990
0.395508 0.589844
0.210938 0.722656
0.090820 0.598958
0.860352 0.535156
0.017578 0.569010
0.028320 0.550781
0.035156 0.614583
0.065430 0.605469
0.551758 0.498698
0.166016 0.529948
0.402344 0.552083
0.021484 0.699219
0.052734 0.979167
0.824219 0.477865
0.035156 0.990885
0.156250 0.533854
0.214844 0.635417
0.140625 0.903646
0.329102 0.656250
0.272461 0.595052
0.078125 0.791667
0.185547 0.700521
0.325195 0.576823
0.945312 0.625000
0.569336 0.559896
0.317383 0.563802
0.175781 0.604167
0.659180 0.498698
0.049805 0.554688
0.213867 0.846354
0.165039 0.632812
0.648438 0.503906
0.733398 0.483073
0.542969 0.522135
0.056641 0.891927
0.757812 0.971354
0.143555 0.940104
0.195312 0.744792
0.504883 0.611979
0.364258 0.566406
0.076172 0.537760
0.249023 0.707031
0.576172 0.516927
0.075195 0.559896
0.398438 0.613281
0.907227 0.532552
0.849609 0.554688
0.154297 0.658854
0.108398 0.541667
0.446289 0.510417
0.393555 0.506510
0.306641 0.783854
0.107422 0.691406
0.287109 0.674479
0.845703 0.604167
0.842773 0.539062
0.664062 0.559896
0.352539 0.597656
0.321289 0.640625
0.094727 0.662760
0.617188 0.493490
0.215820 0.648438
0.125977 0.690104
0.001953 0.576823
0.217773 0.670573
0.581055 0.649740
0.554688 0.511719
0.615234 0.546875
0.952148 0.505208
0.013672 0.549479
0.310547 0.621094
0.209961 0.700521
0.104492 0.626302
0.445312 0.529948
0.026367 0.635417
0.945312 0.736979
0.918945 0.457031
0.048828 0.787760
0.438477 0.507812
0.203125 0.890625
0.316406 0.606771
0.128906 0.725260
0.542969 0.539062
0.280273 0.628906
0.750977 0.583333
0.095703 0.649740
0.298828 0.528646
0.578125 0.527344
0.883789 0.528646
0.177734 0.615885
0.079102 0.765625
0.452148 0.532552
0.936523 0.548177
0.323242 0.618490
0.155273 0.933594
0.195312 0.723958
0.530273 0.617188
0.293945 0.615885
0.001953 0.753906
0.205078 0.625000
0.244141 0.608073
0.364258 0.580729
0.072266 0.729167
0.060547 0.654948
0.379883 0.563802
0.461914 0.533854
0.274414 0.606771
0.492188 0.570312
0.862305 0.470052
0.150391 0.582031
0.686523 0.481771
0.127930 0.635417
0.292969 0.664062
0.854492 0.492188
0.343750 0.574219
0.197266 0.850260
0.220703 0.529948
0.171875 0.529948
0.038086 0.712240
0.201172 0.639323
0.402344 0.516927
0.130859 0.540365
0.110352 0.769531
0.419922 0.959635
0.150391 0.880208
0.021484 0.809896
0.194336 0.579427
0.902344 0.574219
0.289062 0.692708
0.685547 0.502604
0.680664 0.473958
0.172852 0.643229
0.311523 0.802083
0.973633 0.420573
0.012695 0.868490
0.519531 0.958333
0.513672 0.536458
0.038086 0.731771
0.088867 0.951823
0.231445 0.644531
0.160156 0.606771
0.944336 0.582031
0.903320 0.985677
0.182617 0.881510
0.241211 0.699219
0.115234 0.536458
0.034180 0.549479
0.353516 0.572917
0.287109 0.648438
0.309570 0.643229
0.548828 0.555990
0.043945 0.811198
0.226562 0.632812
0.779297 0.494792
0.010742 0.544271
0.255859 0.835938
0.410156 0.527344
0.669922 0.500000
0.069336 0.626302
0.040039 0.548177
0.250977 0.528646
0.147461 0.670573
0.267578 0.578125
0.208008 0.526042
0.479492 0.511719
0.530273 0.539062
0.027344 0.625000
0.307617 0.601562
0.696289 0.492188
0.139648 0.536458
0.187500 0.669271
0.399414 0.593750
0.150391 0.764323
0.325195 0.828125
0.259766 0.634115
0.082031 0.545573
0.154297 0.595052
0.246094 0.847656
0.375977 0.570312
0.885742 0.548177
0.668945 0.503906
0.069336 0.765625
0.086914 0.610677
0.492188 0.553385
0.366211 0.587240
0.289062 0.873698
0.622070 0.480469
0.470703 0.562500
0.973633 0.502604
0.265625 0.592448
0.237305 0.678385
0.278320 0.664062
0.006836 0.791667
0.114258 0.658854
0.126953 0.595052
0.306641 0.660156
0.223633 0.611979
0.582031 0.500000
0.972656 0.781250
0.024414 0.766927
0.223633 0.576823
0.773438 0.460938
0.240234 0.820312
0.252930 0.933594
0.733398 0.518229
0.258789 0.679688
0.140625 0.690104
0.260742 0.714844
0.986328 0.412760
0.843750 0.572917
0.770508 0.540365
0.291992 0.604167
0.322266 0.584635
0.469727 0.618490
0.711914 0.476562
0.629883 0.583333
0.124023 0.540365
0.434570 0.514323
0.060547 0.746094
0.725586 0.477865
0.121094 0.589844
0.889648 0.445312
0.909180 0.514323
0.056641 0.664062
0.918945 0.519531
0.832031 0.544271
0.137695 0.878906
0.181641 0.643229
0.218750 0.585938
0.591797 0.481771
0.553711 0.576823
0.965820 0.687500
0.505859 0.493490
0.412109 0.550781
0.087891 0.881510
0.104492 0.884115
0.109375 0.925781
0.804688 0.839844
0.042969 0.697917
0.852539 0.680990
0.630859 0.514323
0.065430 0.554688
0.815430 0.455729
0.264648 0.691406
0.045898 0.580729
0.829102 0.636719
0.004883 0.815104
0.636719 0.492188
0.932617 0.511719
0.079102 0.709635
0.375000 0.562500
0.923828 0.513021
0.648438 0.500000
0.059570 0.679688
0.141602 0.730469
0.376953 0.516927
0.477539 0.494792
0.247070 0.644531
0.604492 0.500000
0.916016 0.582031
0.132812 0.779948
0.207031 0.593750
0.107422 0.671875
0.214844 0.529948
0.161133 0.764323
0.029297 0.613281
0.109375 0.640625
0.412109 0.496094
0.036133 0.652344
0.913086 0.859375
0.286133 0.812500
0.270508 0.571615
0.296875 0.632812
0.339844 0.514323
0.263672 0.615885
0.163086 0.839844
0.523438 0.493490
0.275391 0.707031
0.610352 0.494792
0.385742 0.552083
0.563477 0.500000
0.606445 0.481771
0.821289 0.610677
0.865234 0.553385
0.809570 0.463542
0.276367 0.876302
0.791992 0.743490
0.241211 0.527344
0.829102 0.569010
0.562500 0.493490
0.320312 0.514323
0.311523 0.592448
0.963867 0.506510
0.207031 0.669271
0.989258 0.489583
0.810547 0.934896
0.023438 0.936198
0.875977 0.442708
0.903320 0.460938
0.537109 0.496094
0.573242 0.488281
0.288086 0.656250
0.138672 0.656250
0.204102 0.576823
0.168945 0.583333
0.136719 0.608073
0.622070 0.507812
0.484375 0.493490
0.117188 0.630208
0.254883 0.816406
0.356445 0.921875
0.938477 0.505208
0.874023 0.468750
0.435547 0.549479
0.100586 0.591146
0.101562 0.639323
0.266602 0.841146
0.105469 0.610677
0.695312 0.514323
0.820312 0.579427
0.117188 0.864583
0.192383 0.591146
0.194336 0.686198
0.193359 0.526042
0.666992 0.479167
0.122070 0.746094
0.282227 0.700521
0.049805 0.812500
0.691406 0.539062
0.115234 0.890625
0.054688 0.694010
0.316406 0.781250
0.126953 0.889323
0.019531 0.554688
0.088867 0.692708
0.417969 0.533854
0.405273 0.509115
0.458008 0.500000
0.382812 0.598958
0.135742 0.992188
0.141602 0.596354
0.234375 0.527344
0.222656 0.733073
0.468750 0.510417
0.222656 0.703125
0.605469 0.515625
0.078125 0.657552
0.907227 0.645833
0.872070 0.457031
0.087891 0.542969
0.763672 0.574219
0.313477 0.838542
0.042969 0.743490
0.177734 0.752604
0.310547 0.576823
0.858398 0.611979
0.154297 0.705729
0.091797 0.623698
0.932617 0.673177
0.275391 0.617188
0.180664 0.723958
0.994141 0.598958
0.996094 0.794271
0.178711 0.631510
0.644531 0.472656
0.954102 0.555990
0.014648 0.667969
0.178711 0.847656
0.634766 0.475260
0.098633 0.875000
0.653320 0.486979
0.070312 0.869792
0.959961 0.622396
0.392578 0.527344
0.201172 0.533854
0.078125 0.928385
0.056641 0.721354
0.425781 0.503906
0.426758 0.585938
0.033203 0.569010
0.064453 0.798177
0.251953 0.622396
0.245117 0.819010
0.180664 0.923177
0.588867 0.540365
0.163086 0.709635
0.085938 0.678385
0.776367 0.483073
0.450195 0.579427
0.052734 0.707031
0.271484 0.648438
0.092773 0.713542
0.554688 0.486979
0.138672 0.644531
0.808594 0.621094
0.291992 0.713542
0.124023 0.606771
0.236328 0.654948
0.194336 0.653646
0.324219 0.799479
0.611328 0.533854
0.314453 0.652344
0.058594 0.640625
0.974609 0.490885
0.149414 0.546875
0.018555 0.731771
0.020508 0.660156
0.065430 0.938802
0.882812 0.766927
0.147461 0.755208
0.500977 0.559896
0.147461 0.634115
0.575195 0.500000
0.149414 0.845052
0.684570 0.497396
0.404297 0.533854
0.577148 0.503906
0.098633 0.800781
0.357422 0.959635
0.522461 0.537760
0.076172 0.634115
0.079102 0.690104
0.168945 0.592448
0.589844 0.955729
0.531250 0.489583
0.922852 0.438802
0.048828 0.569010
0.093750 0.545573
0.333008 0.561198
0.336914 0.584635
0.966797 0.574219
0.223633 0.626302
0.168945 0.669271
0.330078 0.776042
0.945312 0.438802
0.131836 0.703125
0.241211 0.740885
0.653320 0.523438
0.001953 0.562500
0.587891 0.510417
0.427734 0.549479
0.507812 0.894531
0.052734 0.936198
0.482422 0.933594
0.155273 0.729167
0.180664 0.583333
0.190430 0.628906
0.117188 0.729167
0.724609 0.569010
0.251953 0.667969
0.361328 0.553385
0.913086 0.619792
0.121094 0.941406
0.930664 0.440104
0.591797 0.493490
0.794922 0.453125
0.766602 0.462240
0.270508 0.523438
0.249023 0.575521
0.748047 0.473958
0.980469 0.575521
0.304688 0.636719
0.597656 0.582031
0.851562 0.485677
0.096680 0.779948
0.322266 0.777344
0.373047 0.575521
0.404297 0.567708
0.874023 0.604167
0.154297 0.643229
0.127930 0.618490
0.198242 0.602865
0.167969 0.856771
0.802734 0.490885
0.239258 0.878906
0.415039 0.502604
0.233398 0.596354
0.228516 0.528646
0.845703 0.649740
0.017578 0.545573
0.189453 0.953125
0.853516 0.453125
0.374023 0.941406
0.052734 0.761719
0.381836 0.591146
0.085938 0.743490
0.251953 0.875000
0.364258 0.513021
0.041016 0.662760
0.300781 0.875000
0.312500 0.928385
0.216797 0.938802
0.494141 0.516927
0.202148 0.830729
0.519531 0.500000
0.139648 0.744792
0.672852 0.477865
0.166016 0.619792
0.231445 0.610677
0.102539 0.764323
0.383789 0.569010
0.116211 0.707031
0.485352 0.539062
0.523438 0.519531
0.485352 0.505208
0.903320 0.851562
0.959961 0.429688
0.031250 0.785156
0.233398 0.839844
0.047852 0.688802
0.298828 0.809896
0.399414 0.578125
0.552734 0.535156
0.125977 0.648438
0.385742 0.580729
0.159180 0.670573
0.323242 0.701823
0.126953 0.673177
0.355469 0.664062
0.826172 0.768229
0.563477 0.502604
0.987305 0.548177
0.826172 0.690104
0.534180 0.514323
0.402344 0.563802
0.506836 0.531250
0.045898 0.639323
0.391602 0.605469
0.421875 0.546875
0.257812 0.595052
0.303711 0.687500
0.163086 0.688802
0.100586 0.908854
0.026367 0.826823
0.203125 0.615885
0.837891 0.860677
0.894531 0.822917
0.173828 0.654948
0.009766 0.714844
0.251953 0.648438
0.245117 0.587240
0.715820 0.494792
0.043945 0.626302
0.020508 0.750000
0.178711 0.669271
0.009766 0.630208
0.205078 0.661458
0.995117 0.720052
0.930664 0.566406
0.148438 0.618490
0.318359 0.675781
0.002930 0.766927
0.109375 0.651042
0.166992 0.738281
0.290039 0.589844
0.165039 0.897135
0.228516 0.872396
0.514648 0.566406
0.074219 0.597656
0.807617 0.580729
0.100586 0.548177
0.134766 0.585938
0.235352 0.580729
0.047852 0.541667
0.107422 0.596354
0.055664 0.613281
0.196289 0.752604
0.573242 0.539062
0.976562 0.653646
0.267578 0.708333
0.549805 0.544271
0.760742 0.496094
0.276367 0.677083
0.276367 0.812500
0.020508 0.713542
0.437500 0.527344
0.915039 0.565104
0.104492 0.743490
