0.203125 0.581712
0.173177 0.128405
0.429688 0.638132
0.985677 0.605058
0.742188 0.486381
0.648438 0.850195
0.194010 0.184825
0.352865 0.494163
0.686198 0.377432
0.703125 0.346304
0.890625 0.464981
0.454427 0.731518
0.665365 0.455253
0.881510 0.377432
0.958333 0.760700
0.662760 0.215953
0.427083 0.177043
0.152344 0.268482
0.095052 0.143969
0.049479 0.215953
0.300781 0.433852
0.376302 0.400778
0.266927 0.959144
0.604167 0.221790
0.117188 0.581712
0.015625 0.422179
0.145833 0.149805
0.096354 0.225681
0.072917 0.145914
0.257812 0.684825
0.518229 0.140078
0.325521 0.678988
0.516927 0.605058
0.114583 0.227626
0.796875 0.410506
0.575521 0.396887
0.207031 0.124514
0.141927 0.737354
0.440104 0.426070
0.985677 0.455253
0.069010 0.180934
0.373698 0.712062
0.158854 0.505837
0.705729 0.780156
0.404948 0.511673
0.562500 0.663424
0.545573 0.108949
0.464844 0.315175
0.486979 0.859922
0.555990 0.274319
0.238281 0.194553
0.220052 0.151751
0.322917 0.180934
0.682292 0.293774
0.565104 0.027237
0.178385 0.848249
0.018229 0.678988
0.750000 0.332685
0.428385 0.079767
0.037760 0.184825
0.447917 0.188716
0.458333 0.494163
0.194010 0.289883
0.503906 0.237354
0.959635 0.494163
0.058594 0.815175
0.822917 0.717899
0.143229 0.221790
0.654948 0.715953
0.571615 0.215953
0.096354 0.118677
0.884115 0.066148
0.050781 0.134241
0.010417 0.568093
0.473958 0.554475
0.209635 0.461089
0.264323 0.225681
0.813802 0.531128
0.256510 0.149805
0.881510 0.834630
0.643229 0.089494
0.180990 0.330739
0.027344 0.770428
0.441406 0.581712
0.596354 0.282101
0.195312 0.717899
0.210938 0.274319
0.440104 0.346304
0.670573 0.988327
0.167969 0.171206
0.039062 0.256809
0.542969 0.319066
0.188802 0.229572
0.641927 0.556420
0.123698 0.184825
0.039062 0.348249
0.065104 0.319066
0.608073 0.706226
0.022135 0.167315
0.708333 0.455253
0.477865 0.428016
0.222656 0.085603
0.013021 0.250973
0.428385 0.301556
0.480469 0.819066
0.356771 0.250973
0.272135 0.476654
0.615885 0.955253
0.699219 0.134241
0.760417 0.799611
0.894531 0.575875
0.466146 0.140078
0.972656 0.550584
0.098958 0.186770
0.130208 0.138132
0.164062 0.309339
0.125000 0.250973
0.544271 0.918288
0.018229 0.212062
0.536458 0.237354
0.024740 0.614786
0.315104 0.490272
0.433594 0.702335
0.475260 0.762646
0.145833 0.188716
0.123698 0.299611
0.626302 0.492218
0.460938 0.661479
0.238281 0.620623
0.825521 0.457198
0.679688 0.546693
0.029948 0.101167
0.722656 0.743191
0.764323 0.566148
0.121094 0.667315
0.766927 0.038911
0.050781 0.429961
0.747396 0.015564
0.514323 0.299611
0.278646 0.791829
0.966146 0.025292
0.648438 0.352140
0.363281 0.200389
0.089844 0.667315
0.738281 0.647860
0.955729 0.140078
0.173177 0.250973
0.889323 0.529183
0.356771 0.603113
0.730469 0.247082
0.884115 0.143969
0.592448 0.350195
0.553385 0.445525
0.328125 0.412451
