0.528571 0.383636
0.223810 0.549091
0.344762 0.350909
0.404762 0.405455
0.958095 0.907273
0.807619 0.389091
0.973333 0.789091
0.307619 0.543636
0.296190 0.358182
0.019048 0.776364
0.698095 0.309091
0.319048 0.940000
0.837143 0.569091
0.495238 0.421818
0.725714 0.494545
0.645714 0.350909
0.005714 0.878182
0.513333 0.567273
0.688571 0.770909
0.706667 0.570909
0.871429 0.396364
0.027619 0.405455
0.340000 0.474545
0.958095 0.610909
0.985714 0.829091
0.644762 0.372727
0.890476 0.907273
0.594286 0.569091
0.769524 0.941818
0.980000 0.570909
0.572381 0.887273
0.952381 0.865455
0.334286 0.781818
0.579048 0.349091
0.582857 0.876364
0.069524 0.845455
0.552381 0.307273
0.376190 1.000000
0.136190 0.421818
0.309524 0.800000
0.515238 0.865455
0.516190 0.541818
0.885714 0.478182
0.363810 0.507273
0.198095 0.918182
0.931429 0.601818
0.006667 0.354545
0.068571 0.534545
0.079048 0.900000
0.038095 0.634545
0.428571 0.310909
0.850476 0.978182
0.966667 0.418182
0.529524 0.332727
0.945714 0.338182
0.706667 0.634545
0.544762 0.534545
0.391429 0.510909
0.694286 0.360000
0.185714 0.563636
0.821905 0.427273
0.920000 0.752727
0.220000 0.965455
0.878095 0.607273
0.144762 0.332727
0.943810 0.649091
0.521905 0.454545
0.665714 0.901818
0.567619 0.447273
0.563810 0.629091
0.390476 0.349091
0.506667 0.841818
0.883810 0.627273
0.393333 0.783636
0.703810 0.607273
0.176190 0.829091
0.316190 0.854545
0.237143 0.605455
0.693333 0.792727
0.731429 0.509091
0.880000 0.345455
0.543810 0.418182
0.078095 0.792727
0.093333 0.314545
0.286667 0.609091
0.203810 0.514545
0.157143 0.949091
0.680000 0.456364
0.278095 0.532727
0.372381 0.798182
0.793333 0.814545
0.323810 0.329091
0.330476 0.838182
0.937143 0.810909
0.597143 0.478182
0.234286 0.920000
0.639048 0.778182
0.159048 0.834545
0.016190 0.750909
0.482857 0.563636
0.330476 0.512727
0.050476 0.476364
0.057143 0.880000
0.380000 0.423636
0.914286 0.638182
0.367619 0.923636
0.006667 0.332727
0.160000 0.649091
0.377143 0.596364
0.543810 0.918182
0.004762 0.969091
0.316190 0.829091
0.578095 0.309091
0.809524 0.363636
0.914286 0.783636
0.209524 0.474545
0.686667 0.883636
0.256190 0.787273
0.566667 0.601818
0.810476 0.796364
0.402857 0.327273
0.050476 0.730909
0.101905 0.445455
0.956190 0.380000
0.674286 0.796364
0.927619 0.485455
0.991429 0.803636
0.420000 0.334545
0.928571 0.458182
0.358095 0.403636
0.876190 0.874545
0.329524 0.996364
0.015238 0.803636
0.303810 0.769091
0.937143 0.312727
0.574286 0.396364
0.125714 0.827273
0.208571 0.845455
0.668571 0.301818
0.023810 0.312727
0.938095 0.987273
0.113333 0.970909
0.745714 0.974545
0.304762 0.325455
0.320952 0.309091
0.599048 0.356364
0.955238 0.481818
0.110476 0.512727
0.199048 0.541818
0.678095 0.605455
0.494286 0.474545
0.664762 0.860000
0.347619 0.856364
0.263810 0.472727
0.257143 0.500000
0.237143 0.489091
0.830476 0.474545
0.495238 0.898182
0.673333 0.763636
0.732381 0.781818
0.931429 0.378182
0.572381 0.772727
0.479048 0.843636
0.277143 0.330909
0.690476 0.327273
0.623810 0.794545
0.380000 0.398182
0.031429 0.567273
0.868571 0.572727
0.166667 0.327273
0.043810 0.818182
0.347619 0.458182
0.702857 0.450909
0.246667 0.561818
0.114286 0.350909
0.345714 0.930909
0.346667 0.785455
0.607619 0.909091
0.108571 0.320000
0.723810 0.412727
0.556190 0.336364
0.027619 0.492727
0.043810 0.312727
0.487619 0.509091
0.754286 0.805455
0.056190 0.747273
0.103810 0.381818
0.996190 0.869091
0.243810 0.449091
0.051429 0.838182
0.629524 0.849091
0.955238 0.570909
0.134286 0.318182
0.996190 0.545455
0.412381 0.350909
0.131429 0.383636
0.829524 0.800000
0.125714 0.996364
0.900952 0.409091
0.353333 0.429091
0.895238 0.436364
0.551429 0.861818
0.240000 0.829091
0.693333 0.861818
0.352381 0.305455
0.299048 0.445455
0.800952 0.309091
0.121905 0.332727
0.277143 0.427273
0.196190 0.818182
0.319048 0.874545
0.288571 0.810909
0.900000 0.878182
0.312381 0.640000
0.288571 0.374545
0.794286 0.900000
0.238095 0.776364
0.260952 0.609091
0.219048 0.456364
0.054286 0.807273
0.722857 0.305455
0.088571 0.574545
0.981905 0.383636
0.198095 0.978182
0.679048 0.961818
0.600952 0.434545
0.731429 0.594545
0.936190 0.407273
0.845714 0.427273
0.099048 0.847273
0.653333 0.487273
0.397143 0.947273
0.550476 0.461818
0.162857 0.760000
0.062857 0.430909
0.154286 0.380000
0.802857 0.836364
0.442857 0.774545
0.507619 0.316364
0.681905 0.412727
0.288571 0.756364
0.252381 0.854545
0.541905 0.561818
0.330476 0.545455
0.593333 0.790909
0.160952 0.780000
0.640952 0.885455
0.650476 0.543636
0.043810 0.785455
0.820000 0.452727
0.866667 0.545455
0.848571 0.812727
0.221905 0.765455
0.507619 0.338182
0.843810 0.458182
0.086667 0.981818
0.875238 0.770909
0.461905 0.858182
0.319048 0.567273
0.717143 0.870909
0.828571 0.329091
0.138095 0.900000
0.100952 0.529091
0.731429 0.883636
0.659048 0.778182
0.916190 0.509091
0.060000 0.392727
0.367619 0.627273
0.954286 0.352727
0.776190 0.667273
0.074286 0.405455
0.822857 0.829091
0.613333 0.572727
0.653333 0.389091
0.392381 0.905455
0.190476 0.852727
0.540952 0.638182
0.558095 0.974545
0.894286 0.538182
0.897143 0.569091
0.067619 0.932727
0.081905 0.769091
0.272381 0.794545
0.831429 0.312727
0.344762 0.567273
0.310476 0.469091
0.625714 0.458182
0.942857 0.760000
0.319048 0.601818
0.549524 0.781818
0.577143 0.330909
0.380000 0.576364
0.597143 0.454545
0.728571 0.810909
0.422857 0.772727
0.288571 0.301818
0.640952 0.820000
0.140952 0.860000
0.077143 0.601818
0.250476 0.534545
0.287619 0.483636
0.574286 0.378182
0.593333 0.547273
0.971429 0.320000
0.319048 0.354545
0.651429 0.836364
0.506667 0.416364
0.350476 0.805455
0.123810 0.745455
0.973333 0.436364
0.598095 0.516364
0.269524 0.854545
0.333333 0.854545
0.031429 0.454545
0.014286 0.912727
0.936190 0.780000
0.398095 1.001818
0.303810 0.838182
0.921905 0.425455
0.354286 0.560000
0.027619 0.978182
0.258095 0.903636
0.921905 0.878182
0.748571 0.761818
0.995238 0.409091
0.215238 0.780000
0.084762 0.832727
0.428571 0.820000
0.126667 0.845455
0.832381 0.534545
0.378095 0.309091
0.526667 0.430909
0.686667 0.936364
0.395238 0.481818
0.916190 0.327273
0.055238 0.783636
0.132381 0.447273
0.824762 0.958182
0.906667 0.347273
0.655238 0.458182
0.888571 0.323636
0.886667 0.509091
0.202857 0.767273
0.917143 0.545455
0.370476 0.894545
0.842857 0.845455
0.909524 0.852727
0.767619 0.778182
0.068571 0.636364
0.629524 0.909091
0.115238 0.812727
0.838095 0.372727
0.460000 0.987273
0.612381 0.870909
0.921905 0.581818
0.228571 0.810909
0.459048 0.910909
0.020952 0.467273
0.517143 0.514545
0.651429 0.636364
0.140952 0.921818
0.100952 0.780000
0.271429 0.452727
0.571429 0.845455
0.570476 0.425455
0.738095 0.867273
0.572381 0.538182
0.608571 0.805455
0.536190 0.876364
0.133333 0.358182
0.034286 0.334545
0.637143 0.398182
0.841905 0.403636
0.886667 0.776364
0.959048 0.305455
0.256190 0.329091
0.526667 0.752727
0.837143 0.772727
0.778095 0.816364
0.179048 0.594545
0.215238 0.565455
0.990476 0.634545
0.508571 0.603636
0.285714 0.629091
0.527619 0.840000
0.232381 0.400000
0.153333 0.318182
0.802857 0.334545
0.220000 0.916364
0.592381 0.834545
0.608571 0.407273
0.587619 0.770909
0.720952 0.912727
0.679048 0.641818
0.261905 0.305455
0.992381 0.743636
0.620952 0.516364
0.370476 0.330909
0.433333 0.987273
0.298095 0.927273
0.618095 0.983636
0.395238 0.823636
0.350476 1.000000
0.967619 0.529091
0.474286 0.820000
0.778095 0.763636
0.013333 0.376364
0.171429 0.929091
0.274286 0.974545
0.530476 0.781818
0.052381 0.450909
0.143810 0.987273
0.567619 0.565455
0.772381 0.838182
0.326667 0.430909
0.282857 0.503636
0.852381 0.634545
0.973333 0.461818
0.965714 0.965455
0.145714 0.403636
0.866667 0.894545
0.250476 0.352727
0.772381 0.916364
0.469524 0.961818
0.286667 0.400000
0.648571 0.510909
0.239048 0.376364
0.620000 0.749091
0.330476 0.398182
0.551429 0.429091
0.270476 0.889091
0.199048 0.712727
0.311429 0.378182
0.733333 0.636364
0.610476 0.829091
0.373333 0.449091
0.283810 0.934545
0.573333 0.807273
0.513333 0.640000
0.180952 0.310909
0.466667 0.794545
0.949524 0.543636
0.581905 0.910909
0.961905 0.756364
0.680952 0.536364
0.809524 0.687273
0.852381 0.741818
0.102857 0.332727
0.740952 0.734545
0.370476 0.481818
0.515238 0.769091
0.655238 0.796364
0.128571 0.412727
0.277143 0.574545
0.903810 0.381818
0.904762 0.605455
0.478095 0.636364
0.163810 0.356364
0.406667 0.443636
0.689524 0.830909
0.903810 0.458182
0.936190 0.510909
0.020952 0.738182
0.309524 0.918182
0.339048 0.634545
0.083810 0.370909
0.971429 0.547273
0.551429 0.381818
0.707619 0.803636
0.537143 0.603636
0.096190 0.396364
0.436190 0.878182
0.597143 0.301818
0.120000 0.874545
0.736190 0.467273
0.823810 0.872727
0.518095 0.914545
0.012381 0.534545
0.066667 0.318182
0.860952 0.930909
0.224762 0.630909
0.645714 0.307273
0.020952 0.434545
0.060000 0.567273
0.550476 0.487273
0.405714 0.429091
0.870476 0.818182
0.617143 0.314545
0.573333 0.507273
0.532381 0.318182
0.704762 0.514545
0.340000 0.963636
0.085714 0.480000
0.504762 0.349091
0.308571 0.509091
0.208571 0.600000
0.625714 0.330909
0.006667 0.654545
0.042857 0.880000
0.250476 0.427273
0.775238 0.883636
0.847619 0.598182
0.108571 0.767273
0.252381 0.641818
0.040952 0.381818
0.046667 0.605455
0.002857 0.403636
0.831429 0.354545
0.573333 0.490909
0.654286 0.918182
0.263810 0.372727
0.705714 0.545455
0.623810 0.478182
0.413333 0.383636
0.723810 0.354545
0.947619 0.834545
0.623810 0.350909
0.635238 0.560000
0.856190 0.354545
0.714286 0.770909
0.946667 0.427273
0.922857 0.710909
0.914286 0.816364
0.054286 0.510909
0.722857 0.376364
0.072381 0.349091
0.325714 0.456364
0.110476 0.794545
0.598095 0.380000
0.593333 0.887273
0.267619 0.954545
0.224762 0.421818
0.859048 0.325455
0.258095 0.394545
0.643810 0.861818
0.068571 0.974545
0.034286 0.849091
0.548571 0.507273
0.474286 0.750909
0.448571 0.803636
0.984762 0.587273
0.480000 0.594545
0.361905 0.374545
0.507619 0.385455
0.491429 0.801818
0.725714 0.845455
0.082857 0.507273
0.987619 0.480000
0.865714 0.372727
0.887619 0.701818
0.337143 0.374545
0.080952 0.338182
0.487619 0.532727
0.625714 0.427273
0.968571 0.641818
0.522857 0.481818
0.696190 0.918182
0.186667 0.752727
0.051429 0.403636
0.676190 0.563636
0.270476 0.356364
0.195238 0.618182
0.894286 0.800000
0.034286 0.356364
0.016190 0.603636
0.390476 0.372727
0.705714 0.489091
0.424762 0.883636
0.230476 0.509091
0.121905 0.481818
0.054286 0.334545
0.649524 0.601818
0.395238 0.327273
0.349524 0.325455
0.961905 0.847273
0.720952 0.332727
0.951429 0.465455
0.528571 0.352727
0.807619 0.410909
0.140000 0.769091
0.248571 0.969091
0.738095 0.550909
0.623810 0.374545
0.864762 0.790909
0.213333 0.941818
0.092381 0.430909
