0.971354 0.407407
0.821354 0.176389
0.590104 0.282870
0.876302 0.234259
0.622396 0.171759
0.634375 0.317593
0.570573 0.327315
0.788281 0.690278
0.755990 0.383796
0.791146 0.237037
0.511458 0.475926
0.844792 0.250000
0.973698 0.171296
0.913542 0.247222
0.769792 0.418519
0.952083 0.255556
0.645052 0.234259
0.780729 0.186111
0.516146 0.233796
0.988802 0.575000
0.928125 0.252315
0.719271 0.181019
0.823438 0.371759
0.878125 0.255556
0.879167 0.164352
0.571875 0.560185
0.900260 0.149537
0.620573 0.406944
0.360156 0.496759
0.822656 0.233796
0.740885 0.216667
0.587500 0.381481
0.731510 0.246296
0.738802 0.162037
0.873177 0.289815
0.492708 0.408796
0.690885 0.421759
0.960938 0.371759
0.350000 0.727778
0.839844 0.173148
0.960417 0.231944
0.528125 0.405093
0.840885 0.372685
0.809896 0.230093
0.740365 0.673148
0.129427 0.673611
0.592448 0.238889
0.797396 0.368056
0.989323 0.374537
0.847917 0.355556
0.799740 0.318056
0.679948 0.301389
0.574219 0.403704
0.471615 0.270370
0.667969 0.557407
0.810417 0.157870
0.478906 0.242130
0.885417 0.388426
0.681250 0.251852
0.956250 0.159259
0.830469 0.266667
0.899479 0.218056
0.059375 0.625463
0.806510 0.387963
0.836198 0.296296
0.851302 0.174537
0.658333 0.255556
0.982552 0.262037
0.825000 0.147222
0.600000 0.150926
0.340365 0.328704
0.644010 0.387037
0.926302 0.384259
0.895052 0.716204
0.665104 0.154630
0.707812 0.190741
0.932552 0.211111
0.654167 0.356944
0.756510 0.573148
0.997396 0.173611
0.804427 0.176852
0.596354 0.650463
0.758854 0.351852
0.177344 0.664815
0.606510 0.414352
0.796875 0.156944
0.694010 0.162963
0.630208 0.459259
0.765365 0.294907
0.916406 0.138889
0.548438 0.404167
0.674740 0.363426
0.835417 0.225463
0.987500 0.162037
0.938281 0.157870
0.913542 0.169907
0.706250 0.244907
0.961719 0.175000
0.801042 0.256944
0.682031 0.191204
0.427344 0.501852
0.866927 0.153241
0.686719 0.272222
0.986719 0.218056
0.760677 0.184259
0.856771 0.220370
0.234896 0.684722
0.424479 0.402778
0.483073 0.361111
