0.746760 0.245342
0.922233 0.776398
0.774676 0.220497
0.307079 0.698758
0.589232 0.419255
0.697906 0.012422
0.595214 0.133540
0.926221 0.981366
0.914257 0.857143
0.642074 0.363354
0.727817 0.322981
0.795613 0.189441
0.620140 0.798137
0.679960 0.801242
0.662014 0.726708
0.989033 0.627329
0.840479 0.614907
0.953141 0.875776
0.986042 0.698758
0.551346 0.748447
0.677966 0.841615
0.631107 0.754658
0.876371 0.698758
0.970090 0.652174
0.562313 0.770186
0.578265 0.704969
0.718843 0.854037
0.526421 0.484472
0.769691 0.198758
0.522433 0.962733
0.926221 0.046584
0.628116 0.093168
0.710867 0.810559
0.896311 0.080745
0.943170 0.937888
0.841476 0.838509
0.302094 0.975155
0.618146 0.114907
0.993021 0.692547
0.955135 0.453416
0.675972 0.319876
0.771685 0.236025
0.506481 0.515528
0.699900 0.295031
0.618146 0.822981
0.751745 0.801242
0.815553 0.170807
0.935194 0.037267
0.578265 0.136646
0.140578 0.875776
0.872383 0.260870
0.767697 0.531056
0.612164 0.121118
0.520439 0.493789
0.456630 0.959627
0.732802 0.810559
0.588235 0.655280
0.784646 0.211180
0.743769 0.689441
0.980060 0.077640
0.669990 0.913043
0.966102 0.822981
0.753739 0.916149
0.445663 0.555901
0.394816 0.009317
0.791625 0.664596
0.496510 0.512422
0.578265 0.813665
0.947159 0.127329
0.814556 0.801242
0.611167 0.903727
0.394816 0.795031
0.507478 0.894410
0.542373 0.745342
0.642074 0.891304
0.706879 0.295031
0.757727 0.242236
0.821535 0.167702
0.184447 0.043478
0.835494 0.152174
0.855434 0.121118
0.765703 0.422360
0.806580 0.344720
0.890329 0.732919
0.957129 0.841615
0.683948 0.037267
0.871386 0.037267
0.724826 0.583851
0.759721 0.978261
0.906281 0.975155
0.835494 0.987578
0.826520 0.618012
0.552343 0.456522
0.620140 0.854037
0.781655 0.962733
0.708873 0.186335
0.446660 0.916149
0.539382 0.763975
0.260219 0.937888
0.896311 0.751553
0.736790 0.257764
0.889332 0.767081
0.660020 0.909938
0.427717 0.571429
0.705882 0.807453
0.477567 0.785714
0.940179 0.987578
0.795613 0.658385
0.653041 0.881988
0.742772 0.931677
0.768694 0.965839
0.976072 0.711180
0.623131 0.736025
0.637089 0.086957
0.913260 0.198758
0.504487 0.798137
0.713858 0.807453
0.720837 0.832298
0.942173 0.673913
0.651047 0.350932
0.658026 0.065217
0.986042 0.947205
0.666999 0.968944
0.733799 0.782609
0.535394 0.472050
0.568295 0.437888
0.584247 0.757764
0.797607 0.953416
0.825523 0.987578
0.750748 0.257764
0.876371 0.037267
0.730808 0.267081
0.710867 0.201863
0.437687 0.798137
0.957129 0.804348
0.658026 0.341615
0.807577 0.661491
0.192423 0.835404
0.601196 0.406832
0.715852 0.282609
0.687936 0.301242
0.939182 0.034161
0.900299 0.645963
0.505484 0.819876
0.744766 0.813665
0.211366 0.813665
0.537388 0.928571
0.218345 0.965839
0.751745 0.437888
0.716849 0.590062
0.700897 0.003106
0.623131 0.375776
0.533400 0.167702
0.679960 0.316770
0.667996 0.714286
0.696909 0.307453
0.483549 0.928571
0.593220 0.854037
0.537388 0.798137
0.865404 0.692547
0.790628 0.956522
0.648056 0.726708
0.772682 0.714286
0.957129 0.984472
0.826520 0.878882
0.599202 0.798137
0.707876 0.711180
0.365902 0.909938
0.871386 0.428571
0.630110 0.810559
0.798604 0.493789
0.922233 0.847826
0.223330 0.027950
0.574277 0.431677
0.890329 0.869565
0.165503 0.981366
0.331007 0.680124
0.904287 0.739130
0.924227 0.257764
0.891326 0.086957
0.677966 0.254658
0.751745 0.552795
0.725823 0.947205
0.685942 0.608696
0.834497 0.618012
0.340977 0.863354
0.914257 0.059006
0.816550 0.642857
0.917248 0.990683
0.829511 0.313665
0.749751 0.689441
0.781655 0.872671
0.619143 0.875776
0.996012 0.944099
0.934197 0.950311
0.728814 0.888199
0.792622 0.493789
0.189432 0.981366
0.228315 0.027950
0.428714 0.847826
0.613161 0.400621
0.774676 0.518634
0.708873 0.201863
0.569292 0.149068
0.510469 0.959627
0.612164 0.854037
0.685942 0.922360
0.785643 0.062112
0.855434 0.863354
0.702891 0.835404
0.860419 0.844720
0.644068 0.835404
0.705882 0.757764
0.634098 0.894410
0.849452 0.701863
0.972084 0.071429
0.730808 0.186335
0.857428 0.698758
0.817547 0.161491
0.975075 0.083851
0.382851 0.850932
0.720837 0.183230
0.948156 0.658385
0.745763 0.555901
0.706879 0.198758
0.872383 0.717391
0.331007 0.972050
0.607178 0.875776
0.597208 0.776398
0.701894 0.596273
0.426720 0.652174
0.609172 0.801242
0.415753 0.583851
0.642074 0.807453
0.931206 0.040373
0.845464 0.136646
0.733799 0.683230
0.904287 0.114907
0.803589 0.670807
0.942173 0.027950
0.822532 0.779503
0.379860 0.962733
0.876371 0.099379
0.248255 0.928571
0.524427 0.680124
0.643071 0.959627
0.200399 0.034161
0.379860 0.822981
0.584247 0.127329
0.986042 0.024845
0.861416 0.121118
0.514457 0.801242
0.776670 0.748447
0.538385 0.891304
0.696909 0.704969
0.470588 0.916149
0.490528 0.922360
0.859422 0.031056
0.408774 0.841615
0.778664 0.913043
0.823529 0.863354
0.592223 0.962733
0.757727 0.683230
0.328016 0.795031
0.269192 0.748447
0.825523 0.310559
0.627119 0.968944
0.560319 0.453416
0.861416 0.248447
0.671984 0.322981
0.171486 0.844720
0.389831 0.630435
0.827517 0.155280
0.840479 0.139752
0.686939 0.860248
0.714855 0.990683
0.891326 0.807453
0.513460 0.770186
0.881356 0.987578
0.800598 0.652174
0.848455 0.018634
0.690927 0.900621
0.364905 0.826087
0.790628 0.798137
0.861416 0.726708
0.591226 0.726708
0.925224 0.167702
0.855434 0.270186
0.481555 0.173913
0.486540 0.524845
0.506481 0.940994
0.699900 0.024845
0.749751 0.990683
0.606181 0.726708
0.323031 0.885093
0.930209 0.909938
0.635095 0.360248
0.709870 0.282609
0.749751 0.773292
0.253240 0.770186
0.244267 0.795031
0.865404 0.034161
0.433699 0.959627
0.758724 0.211180
0.405783 0.611801
0.875374 0.791925
0.463609 0.944099
0.685942 0.704969
0.634098 0.919255
0.778664 0.639752
0.599202 0.903727
0.583250 0.913043
0.736790 0.568323
0.918245 0.059006
0.696909 0.844720
0.948156 0.826087
0.598205 0.130435
0.809571 0.779503
0.461615 0.785714
0.712861 0.183230
0.953141 0.944099
0.523430 0.854037
0.343968 0.962733
0.513460 0.509317
0.885344 0.847826
0.877368 0.751553
0.988036 0.664596
0.708873 0.838509
0.461615 0.568323
0.529412 0.903727
0.431705 0.813665
0.881356 0.046584
0.724826 0.785714
0.820538 0.838509
0.660020 0.804348
0.203390 0.956522
0.855434 0.257764
0.636092 0.726708
0.235294 0.962733
0.595214 0.745342
0.725823 0.180124
0.675972 0.608696
0.360917 0.993789
0.738784 0.860248
0.740778 0.776398
0.763709 0.711180
0.665005 0.990683
0.738784 0.801242
0.781655 0.506211
0.802592 0.720497
0.880359 0.096273
0.977069 0.677019
0.817547 0.326087
0.809571 0.649068
0.788634 0.922360
0.838485 0.708075
0.676969 0.894410
0.291127 0.708075
0.495513 0.757764
0.531406 0.751553
0.561316 0.155280
0.688933 0.708075
0.227318 0.962733
0.853440 0.754658
0.465603 0.192547
0.612164 0.692547
0.904287 0.071429
0.995015 0.996894
0.657029 0.968944
0.216351 0.015528
0.868395 0.841615
0.666999 0.329193
0.737787 0.990683
0.503490 0.757764
0.958126 0.111801
0.735793 0.189441
0.854437 0.285714
0.793619 0.732919
0.670987 0.055901
0.973081 0.922360
0.766700 0.847826
0.744766 0.891304
0.511466 0.854037
0.429711 0.779503
0.646062 0.357143
0.644068 0.080745
0.691924 0.031056
0.475573 0.534161
0.820538 0.636646
0.770688 0.891304
0.854437 0.024845
0.447657 0.670807
0.508475 0.726708
0.868395 0.111801
0.977069 0.897516
0.802592 0.984472
0.835494 0.310559
0.867398 0.795031
0.636092 0.962733
0.364905 0.018634
0.706879 0.863354
0.242273 0.003106
0.728814 0.273292
0.800598 0.180124
0.276171 0.736025
0.396810 0.888199
0.669990 0.854037
0.990030 0.059006
0.722832 0.704969
0.540379 0.167702
0.469591 0.655280
0.944167 0.881988
0.824526 0.158385
0.137587 0.049689
0.404786 0.791925
0.145563 0.049689
0.552343 0.158385
0.227318 0.798137
0.983051 0.633540
0.774676 0.981366
0.812562 0.335404
0.794616 0.897516
0.897308 0.975155
0.675972 0.043478
0.589232 0.909938
0.096710 0.866460
0.795613 0.226708
0.735793 0.304348
0.805583 0.177019
0.657029 0.857143
0.899302 0.071429
0.867398 0.754658
0.926221 0.267081
0.747757 0.844720
0.789631 0.198758
0.830508 0.773292
0.625125 0.645963
0.759721 0.540373
0.580259 0.860248
0.783649 0.732919
0.719840 0.714286
0.598205 0.757764
0.696909 0.819876
0.625125 0.108696
0.606181 0.822981
0.816550 0.996894
0.708873 0.596273
0.704885 0.987578
0.730808 0.580745
0.829511 0.819876
0.150548 0.866460
0.742772 0.254658
0.324028 0.695652
0.905284 0.214286
0.957129 0.444099
0.571286 0.788820
0.544367 0.465839
0.766700 0.922360
0.781655 0.677019
0.973081 0.636646
0.799601 0.798137
0.616152 0.897516
0.764706 0.232919
0.792622 0.757764
0.371884 0.652174
0.703888 0.304348
0.269192 0.940994
0.304088 0.944099
0.851446 0.872671
0.961117 0.922360
0.631107 0.850932
0.786640 0.496894
0.828514 0.201863
0.885344 0.090062
0.453639 0.860248
0.572283 0.763975
0.503490 0.164596
0.450648 0.785714
0.872383 0.108696
0.087737 0.018634
0.680957 0.940994
0.773679 0.673913
0.486540 0.773292
0.759721 0.801242
0.687936 0.034161
0.346959 0.655280
0.132602 0.186335
0.913260 0.909938
0.402792 0.972050
0.854437 0.130435
0.959123 0.692547
0.525424 0.804348
0.352941 0.878882
0.154536 0.046584
0.498504 0.173913
0.532403 0.956522
0.375872 0.618012
0.397807 0.692547
0.536391 0.835404
0.993021 0.847826
0.834497 0.857143
0.431705 0.574534
0.891326 0.127329
0.843470 0.878882
0.988036 0.881988
0.748754 0.295031
0.983051 0.680124
0.852443 0.723602
0.842473 0.142857
0.484546 0.673913
0.821535 0.316770
0.561316 0.860248
0.716849 0.332298
0.302094 0.891304
0.810568 0.173913
0.603190 0.739130
0.630110 0.736025
0.713858 0.204969
0.601196 0.614907
0.553340 0.925466
0.740778 0.223602
0.615155 0.993789
0.346959 0.680124
0.546361 0.881988
0.855434 0.795031
0.758724 0.260870
0.761715 0.434783
0.986042 0.236025
0.470588 0.810559
0.557328 0.664596
0.664008 0.062112
0.595214 0.413043
0.809571 0.940994
0.758724 0.885093
0.752742 0.226708
0.286142 0.897516
0.677966 0.913043
0.622134 0.925466
0.693918 0.602484
0.424726 0.745342
0.653041 0.074534
0.707876 0.891304
0.566301 0.745342
0.357926 0.040373
0.358923 0.658385
0.607178 0.397516
0.546361 0.962733
0.936191 0.897516
0.330010 0.847826
0.518445 0.897516
0.779661 0.987578
0.901296 0.860248
0.579262 0.791925
0.983051 0.854037
0.535394 0.627329
0.733799 0.916149
0.566301 0.832298
0.845464 0.279503
0.719840 0.276398
0.663011 0.338509
0.788634 0.987578
0.616152 0.723602
0.208375 0.024845
0.821535 0.236025
0.865404 0.114907
0.811565 0.972050
0.602193 0.857143
0.775673 0.841615
0.259222 0.757764
0.903290 0.900621
0.682951 0.717391
0.764706 0.251553
0.581256 0.422360
0.884347 0.748447
0.316052 0.913043
0.921236 0.049689
0.624128 0.897516
0.171486 0.049689
0.559322 0.751553
0.628116 0.369565
0.501496 0.860248
0.617149 0.388199
0.850449 0.136646
0.722832 0.273292
0.588235 0.804348
0.792622 0.192547
0.688933 0.798137
0.711864 0.916149
0.838485 0.149068
0.649053 0.375776
0.655035 0.729814
0.413759 0.763975
0.468594 0.729814
0.980060 0.090062
0.434696 0.158385
0.683948 0.313665
0.758724 0.782609
0.832502 0.155280
0.521436 0.760870
0.513460 0.161491
0.777667 0.214286
0.570289 0.621118
0.723829 0.925466
0.756730 0.847826
0.402792 0.931677
0.474576 0.866460
0.390828 0.816770
0.879362 0.829193
0.967099 0.686335
0.694915 0.922360
0.481555 0.844720
0.665005 0.608696
0.525424 0.170807
0.504487 0.630435
0.925224 0.928571
0.192423 0.034161
