0.901075 0.800000
0.851613 0.640476
0.658065 0.635714
0.127957 0.495238
0.132258 0.419048
0.439785 0.750000
0.584946 0.450000
0.379570 0.421429
0.984946 0.673810
0.992473 0.785714
0.677419 0.650000
0.518280 0.842857
0.826882 0.583333
0.386022 0.966667
0.607527 0.519048
0.681720 0.495238
0.760215 0.704762
0.518280 0.442857
0.673118 0.402381
0.681720 0.607143
0.616129 0.497619
0.947312 0.792857
0.578495 0.402381
0.054839 0.557143
0.326882 0.564286
0.075269 0.335714
0.212903 0.428571
0.301075 0.390476
0.905376 0.700000
0.888172 0.702381
0.646237 0.571429
0.150538 0.602381
0.604301 0.640476
0.638710 0.635714
0.623656 0.540476
0.049462 0.380952
0.210753 0.478571
0.850538 0.561905
0.788172 0.573810
0.690323 0.411905
0.668817 0.573810
0.894624 0.966667
0.386022 0.702381
0.382796 0.390476
0.668817 0.440476
0.883871 0.611905
0.455914 0.678571
0.225806 0.702381
0.187097 0.533333
0.612903 0.571429
0.634409 0.750000
0.878495 0.766667
0.427957 0.480952
0.556989 0.440476
0.225806 0.595238
0.358065 0.571429
0.580645 0.592857
0.691398 0.623810
0.789247 0.773810
0.739785 0.919048
0.411828 0.550000
0.274194 0.357143
0.561290 0.654762
0.994624 0.750000
0.023656 0.373810
0.415054 0.497619
0.200000 0.373810
0.531183 0.404762
0.241935 0.328571
0.869892 0.916667
0.608602 0.942857
0.660215 0.571429
0.020430 0.592857
0.363441 0.421429
0.530108 0.473810
0.433333 0.383333
0.672043 0.426190
0.826882 0.511905
0.031183 0.709524
0.834409 0.961905
0.109677 0.409524
0.211828 0.328571
0.956989 0.878571
0.376344 0.564286
0.297849 0.447619
0.103226 0.516667
0.161290 0.473810
0.544086 0.402381
0.235484 0.376190
0.406452 0.338095
0.102151 0.476190
0.359140 0.335714
0.805376 0.769048
0.861290 0.859524
0.989247 0.635714
0.035484 0.392857
0.853763 0.709524
0.946237 0.714286
0.264516 0.766667
0.346237 0.909524
0.703226 0.826190
0.830108 0.783333
0.625806 0.614286
0.830108 0.635714
0.359140 0.707143
0.003226 0.461905
0.637634 0.909524
0.789247 0.642857
0.084946 0.411905
0.224731 0.497619
0.294624 0.330952
0.815054 0.623810
0.838710 0.695238
0.789247 0.821429
0.350538 0.364286
0.695699 0.750000
0.986022 0.750000
0.048387 0.333333
0.567742 0.478571
0.420430 0.454762
0.178495 0.373810
0.418280 0.600000
0.255914 0.376190
0.991398 0.823810
0.922581 0.804762
0.505376 0.421429
0.668817 0.497619
0.562366 0.550000
0.350538 0.461905
0.692473 0.666667
0.254839 0.340476
0.024731 0.290476
0.234409 0.459524
0.994624 0.895238
0.023656 0.430952
0.592473 0.580952
0.789247 0.695238
0.562366 0.754762
0.894624 0.642857
0.853763 0.535714
0.273118 0.409524
0.284946 0.626190
0.844086 0.523810
0.116129 0.640476
0.169892 0.728571
0.854839 0.816667
0.602151 0.573810
0.488172 0.866667
0.596774 0.521429
0.953763 0.802381
0.759140 0.659524
0.296774 0.497619
0.916129 0.745238
0.286022 0.735714
0.606452 0.438095
0.908602 0.902381
0.638710 0.592857
0.392473 0.438095
0.593548 0.830952
0.081720 0.354762
0.581720 0.497619
0.608602 0.766667
0.546237 0.478571
0.802151 0.695238
0.952688 0.954762
0.410753 0.392857
0.221505 0.316667
0.693548 0.569048
