0.015833 0.614444
0.093333 0.870000
0.632500 0.683333
0.844167 0.581111
0.921667 0.986667
0.293333 0.498889
0.618333 0.315556
0.018333 0.902222
0.875833 0.993333
0.002500 0.927778
0.750833 0.628889
0.832500 0.584444
0.049167 0.617778
0.477500 0.345556
0.160000 0.858889
0.805833 0.128889
0.022500 0.626667
0.205833 0.854444
0.319167 0.785556
0.694167 0.630000
0.705000 0.262222
0.192500 0.532222
0.186667 0.863333
0.232500 0.824444
0.183333 0.542222
0.152500 0.547778
0.610000 0.292222
0.256667 0.830000
0.385000 0.395556
0.542500 0.348889
0.055833 0.610000
0.163333 0.561111
0.730000 0.627778
0.548333 0.713333
0.324167 0.741111
0.508333 0.364444
0.080000 0.594444
0.555000 0.323333
0.895000 0.574444
0.114167 0.874444
0.532500 0.736667
0.761667 0.224444
0.666667 0.240000
0.348333 0.782222
0.794167 0.213333
0.260000 0.501111
0.781667 0.633333
0.140833 0.875556
0.906667 0.992222
0.625000 0.297778
0.395000 0.432222
0.309167 0.738889
0.855000 0.990000
0.467500 0.727778
0.238333 0.507778
0.584167 0.307778
0.805833 0.604444
0.031667 0.608889
0.529167 0.730000
0.961667 0.947778
0.759167 0.625556
0.206667 0.515556
0.819167 0.596667
0.275000 0.830000
0.900000 0.981111
0.237500 0.530000
0.411667 0.762222
0.662500 0.665556
0.505000 0.701111
0.102500 0.586667
0.235833 0.775556
0.334167 0.772222
0.446667 0.378889
0.294167 0.796667
0.175000 0.853333
0.339167 0.743333
0.729167 0.661111
0.347500 0.454444
0.236667 0.742222
0.214167 0.816667
0.420833 0.735556
0.945833 0.581111
0.729167 0.255556
0.775000 0.990000
0.820833 0.197778
0.975000 0.978889
0.335833 0.450000
0.362500 0.421111
0.452500 0.730000
0.845833 0.186667
0.375000 0.423333
0.874167 0.155556
0.644167 0.262222
0.309167 0.490000
0.435000 0.400000
0.635000 0.636667
0.800000 0.616667
0.069167 0.601111
0.009167 0.631111
0.095000 0.890000
0.905000 0.148889
0.511667 0.731111
0.715000 0.252222
0.411667 0.425556
0.888333 0.162222
0.270833 0.771111
0.779167 0.187778
0.500000 0.732222
0.148333 0.834444
0.119167 0.574444
0.449167 0.408889
0.821667 0.985556
0.370000 0.775556
0.287500 0.806667
0.652500 0.666667
0.629167 0.660000
0.848333 0.975556
0.760833 0.996667
0.532500 0.333333
0.605833 0.330000
0.344167 0.440000
0.077500 0.900000
0.455000 0.745556
0.467500 0.385556
0.825000 0.168889
0.740833 0.236667
0.328333 0.473333
0.422500 0.397778
0.132500 0.548889
0.385833 0.410000
0.493333 0.360000
0.455833 0.366667
0.081667 0.611111
0.963333 0.153333
0.361667 0.741111
0.546667 0.696667
0.879167 0.552222
0.768333 0.200000
0.852500 0.632222
0.646667 0.292222
