0.580960 0.086825
0.542016 0.223758
0.585008 0.168467
0.388889 0.186177
0.193607 0.217063
0.433696 0.115767
0.648520 0.156587
0.044109 0.121598
0.643356 0.129374
0.500419 0.182073
0.673646 0.172786
0.619207 0.147516
0.312674 0.084449
0.929927 0.150108
0.569933 0.093089
0.684394 0.193952
0.172948 0.117495
0.474595 0.122678
0.991764 0.179482
0.596734 0.100432
0.515215 0.108207
0.112647 0.736501
0.896566 0.392441
0.519403 0.125486
0.126745 0.110367
0.521636 0.113823
0.023171 0.124190
0.489391 0.443413
0.531965 0.170842
0.590452 0.102376
0.677834 0.185745
0.799832 0.144276
0.321748 0.144924
0.123953 0.110367
0.624651 0.128942
0.380095 0.161555
0.628839 0.176674
0.505723 0.189417
0.062256 0.269546
0.518984 0.119222
0.448492 0.152052
0.268286 0.152052
0.607901 0.144060
0.532384 0.164579
0.444724 0.121814
0.601340 0.152268
0.563512 0.205616
0.421831 0.325054
0.449609 0.196544
0.933836 0.112311
0.957566 0.167171
0.577889 0.342117
0.302066 0.145140
0.143076 0.185961
0.301228 0.253780
0.840313 0.339957
0.601200 0.087905
0.614740 0.139309
0.599386 0.174730
0.265494 0.118143
0.612228 0.094600
0.735762 0.248164
0.519682 0.091793
0.003629 0.148596
0.641401 0.138877
0.869347 0.227430
0.560581 0.131317
0.365020 0.144276
0.496650 0.193521
0.005863 0.232397
0.535874 0.103024
0.073004 0.290929
0.564768 0.119006
0.977945 0.159395
0.824539 0.349460
0.644472 0.210583
0.058626 0.127214
0.618090 0.114471
0.549414 0.096760
0.970687 0.236933
0.198213 0.113823
0.458961 0.099568
0.593942 0.091577
0.432300 0.175378
0.442909 0.298056
0.510190 0.229806
0.427973 0.284233
0.481714 0.175594
0.312814 0.175594
0.490787 0.121166
0.287968 0.083801
0.395031 0.148164
0.560022 0.178186
0.556114 0.185961
0.636237 0.157019
0.459799 0.137365
0.615438 0.102592
0.611111 0.136717
0.327471 0.188337
0.574400 0.113175
0.502931 0.133477
0.457566 0.176026
0.573841 0.136285
0.284059 0.096112
0.099665 0.112743
0.353155 0.174514
0.381910 0.464795
0.329564 0.082505
0.002652 0.345356
0.965801 0.188985
0.313233 0.139957
0.502513 0.127646
0.134422 0.278186
0.083892 0.114255
0.428811 0.091361
0.321050 0.155724
0.011865 0.131102
0.147962 0.112311
0.414573 0.093521
0.287968 0.168035
0.003769 0.122030
0.567700 0.103456
0.898241 0.148380
0.548576 0.137797
0.568677 0.120518
0.640285 0.135205
0.884283 0.379266
0.549135 0.089201
0.953238 0.473434
0.149916 0.231965
0.791457 0.096112
0.154383 0.111015
0.801926 0.282505
0.091290 0.112095
0.605388 0.323974
0.384283 0.133477
0.525684 0.158315
0.286572 0.153996
0.995673 0.187041
0.838219 0.100216
0.848967 0.101512
0.251396 0.119222
0.463428 0.163283
0.505165 0.108423
0.616276 0.173650
0.277219 0.153996
0.488554 0.131749
0.235204 0.199136
0.086404 0.108639
0.840173 0.206695
0.523590 0.183801
0.522194 0.136717
0.466220 0.138229
0.306253 0.178834
0.369486 0.176890
0.203936 0.119006
0.620603 0.102808
0.652568 0.769978
0.389447 0.141685
0.505583 0.153132
0.546203 0.107775
0.075377 0.313823
0.205472 0.244924
0.328448 0.143413
0.016611 0.438229
0.411642 0.165659
0.063093 0.137797
0.214685 0.379266
0.002373 0.335637
0.552624 0.184665
0.354411 0.236069
0.069654 0.121598
0.559045 0.115551
0.004048 0.685529
0.585846 0.189849
0.584310 0.136069
0.112228 0.233693
0.428950 0.134773
0.318677 0.389201
0.336544 0.156587
0.482552 0.120086
0.361251 0.142765
0.680765 0.156587
0.561139 0.097192
0.373395 0.082937
0.318118 0.150756
0.745114 0.125486
0.537549 0.123542
0.521636 0.150756
0.017309 0.122462
0.371161 0.141037
0.161362 0.110367
0.355807 0.208855
0.056393 0.218143
0.575656 0.087473
0.557091 0.143413
0.201145 0.177106
0.031547 0.128078
0.004606 0.371274
0.309185 0.119870
0.658571 0.531317
0.806951 0.656803
0.463568 0.216847
0.356226 0.133477
0.718035 0.144924
0.689698 0.251404
0.524288 0.122894
0.001256 0.285097
0.463289 0.358963
0.318677 0.111879
0.574400 0.100648
0.085706 0.338013
0.794109 0.146436
0.321468 0.628726
0.808208 0.364363
0.989671 0.188553
0.560441 0.207343
0.172111 0.111663
0.197934 0.196760
0.787828 0.096760
0.501256 0.144492
0.054439 0.111663
0.438721 0.097192
0.236181 0.183801
0.669319 0.300000
0.819793 0.100216
0.630095 0.135853
0.674484 0.281425
0.659687 0.152700
0.514098 0.201944
0.572446 0.209287
0.325935 0.206048
0.619626 0.155076
0.015075 0.440605
0.541457 0.095032
0.628001 0.110583
0.591429 0.110151
0.344500 0.208639
0.210776 0.198272
0.427136 0.163499
0.528336 0.103888
0.414852 0.412959
0.111111 0.196544
0.158710 0.127214
0.628001 0.119006
0.494556 0.207127
0.105248 0.214687
0.379955 0.130454
0.564489 0.087473
0.602875 0.084449
0.563372 0.113391
0.901870 0.150108
0.513680 0.129158
0.012982 0.257019
0.309045 0.163283
0.290759 0.082505
0.390843 0.153996
0.950028 0.109287
0.614880 0.117063
0.919598 0.150972
0.611669 0.149460
0.730737 0.128942
0.671971 0.217063
0.588498 0.099784
0.000000 0.492873
0.455193 0.137581
0.617951 0.480346
0.617393 0.101728
0.187186 0.210799
0.668202 0.164147
0.511725 0.095680
0.966499 0.584881
0.197097 0.128294
0.478643 0.111447
0.308626 0.417495
0.115997 0.195032
0.439001 0.222894
0.631770 0.435637
0.481156 0.152484
0.569793 0.135637
0.625209 0.116847
0.471106 0.159827
0.495533 0.115551
0.168900 0.109935
0.355946 0.281425
0.598688 0.082505
0.662060 0.143629
0.590173 0.089849
0.184115 0.113175
0.940117 0.109503
0.434673 0.136717
0.925181 0.147300
0.518007 0.153780
0.050391 0.116847
0.042155 0.111015
0.277219 0.083153
0.952959 0.147516
0.376326 0.151188
0.144472 0.294600
0.371301 0.080994
0.660664 0.163283
0.101200 0.360475
0.379676 0.082289
0.128699 0.128942
0.647822 0.149244
0.083892 0.545572
0.513819 0.092225
0.282105 0.106048
0.217197 0.176242
0.286153 0.177538
0.498744 0.147300
0.920994 0.178402
0.859436 0.169978
0.600503 0.211663
0.119626 0.256371
0.724874 0.209071
0.211893 0.116415
0.986320 0.115551
0.317141 0.179698
0.246510 0.198704
0.003908 0.346868
0.319654 0.082721
0.476549 0.156803
0.447236 0.115119
0.913456 0.150972
0.909269 0.150108
0.469710 0.115119
0.204913 0.289849
0.138470 0.286825
0.252094 0.083369
0.870324 0.158963
0.567002 0.096976
0.291736 0.147732
0.542853 0.110367
0.335567 0.327862
0.379397 0.185313
0.614461 0.085313
0.642379 0.146868
0.175461 0.112095
0.506281 0.102376
0.841150 0.102160
0.544668 0.152268
0.317141 0.271490
0.199749 0.187257
0.534618 0.152484
0.731016 0.283801
0.432300 0.126134
0.527638 0.138229
0.457426 0.147516
0.584869 0.085745
0.609017 0.087041
0.056114 0.139525
0.611390 0.102160
0.268565 0.470842
0.365578 0.080562
0.245533 0.431317
0.235762 0.298056
0.616695 0.269330
0.179090 0.112095
0.407454 0.139525
0.137353 0.126782
0.447376 0.132397
0.320910 0.198920
0.255165 0.179698
0.145449 0.458963
0.523590 0.101512
0.346175 0.141469
0.024986 0.089849
0.147404 0.116631
0.832217 0.156803
0.599525 0.243197
0.580262 0.108207
0.530570 0.090497
0.461753 0.154644
0.435092 0.122678
0.422808 0.120518
0.490787 0.140173
0.294528 0.115551
0.872836 0.243844
0.841709 0.155508
0.982970 0.160259
0.683138 0.230454
0.995254 0.317927
0.620882 0.114039
0.585427 0.100432
0.000419 0.311663
0.244975 0.507559
0.312256 0.244492
0.481156 0.390065
0.698911 0.202376
0.120743 0.110151
0.322864 0.081857
0.553881 0.119222
0.483529 0.188553
0.785734 0.279050
0.302485 0.108207
0.612647 0.107559
0.390564 0.080130
0.495533 0.574730
0.282663 0.084449
0.532105 0.108855
0.996371 0.178402
0.637772 0.120302
0.604830 0.132613
0.797180 0.097408
0.396427 0.099784
0.652150 0.156587
0.571189 0.088769
0.810302 0.575810
0.375209 0.082289
0.456170 0.157235
0.453238 0.099352
0.494277 0.084449
0.367532 0.292657
0.601619 0.130454
0.837521 0.492009
0.489671 0.242765
0.291318 0.113607
0.595617 0.085961
0.023730 0.146220
0.613484 0.128510
0.129257 0.139093
0.706868 0.295464
0.520659 0.266307
0.641122 0.246004
0.546762 0.217711
0.469151 0.094168
0.663596 0.178402
0.260329 0.244276
0.188442 0.117711
0.418063 0.140605
0.504886 0.096112
0.545924 0.116199
0.659687 0.196328
0.220128 0.211663
0.007259 0.261987
0.127862 0.115767
0.378141 0.134773
0.504327 0.102160
0.690257 0.176890
0.643774 0.167387
0.736041 0.250324
0.225712 0.260043
0.595617 0.096112
0.560999 0.182073
0.429509 0.144276
0.381491 0.138013
0.572166 0.093521
0.435650 0.150756
0.176857 0.532613
0.179229 0.202160
0.426577 0.150756
0.958961 0.221598
0.731016 0.376242
0.618928 0.202592
0.244975 0.118359
0.431184 0.262851
0.589196 0.115335
0.306951 0.169762
0.634562 0.289417
0.414433 0.138661
0.570491 0.224838
0.980318 0.164795
0.733389 0.309071
0.259631 0.169114
0.949190 0.183369
0.643635 0.256587
0.587242 0.092225
0.596036 0.230670
0.247208 0.268035
0.018984 0.136069
0.723199 0.597624
0.986600 0.169330
0.545087 0.085529
0.662479 0.202592
0.131351 0.115983
0.153825 0.215983
0.630235 0.164363
0.533082 0.113823
0.942351 0.162635
0.647264 0.203888
0.118370 0.096760
0.020240 0.213175
0.520380 0.099568
0.001815 0.284233
0.035595 0.089633
0.204355 0.126566
0.001535 0.110151
0.494556 0.155292
0.250838 0.234125
0.592686 0.096760
0.597990 0.148380
0.540061 0.134989
0.587381 0.128294
0.682998 0.209719
0.422250 0.179050
0.218453 0.119222
0.545784 0.130022
0.509492 0.104752
0.400614 0.587905
0.717337 0.208207
0.629816 0.113175
0.754467 0.243844
0.785874 0.144492
0.200865 0.287473
0.473199 0.176242
0.514517 0.098056
0.541597 0.158099
0.409408 0.189201
0.468593 0.145140
0.463428 0.191793
0.568677 0.253132
0.275684 0.219654
0.970826 0.106263
0.016192 0.136501
0.655081 0.145356
0.439978 0.146436
0.357482 0.168898
0.470826 0.200000
0.750000 0.258315
0.505723 0.120086
0.687046 0.174730
0.434255 0.147084
0.562535 0.103888
0.024986 0.117711
0.260329 0.151620
0.613345 0.156371
0.134562 0.278834
0.617532 0.105400
0.631770 0.139525
0.489950 0.225054
0.459101 0.114255
0.645310 0.248164
0.702122 0.211447
0.243439 0.157235
0.679090 0.195464
0.443467 0.162635
0.349665 0.112743
0.618230 0.132181
0.324260 0.177322
0.144752 0.293952
0.593244 0.280130
0.257119 0.218575
0.295924 0.150756
0.381770 0.174730
0.010609 0.114039
0.549274 0.112959
0.435511 0.162851
0.475433 0.113607
0.649916 0.232181
0.933975 0.251836
0.603294 0.116631
0.164433 0.117495
0.660944 0.285313
0.310302 0.155292
0.511167 0.109287
0.536432 0.158963
0.724456 0.132829
0.679648 0.174082
0.134143 0.126134
0.647264 0.128726
0.571050 0.100432
0.121999 0.117927
0.457984 0.226782
0.584450 0.258315
0.564908 0.091145
0.976968 0.167819
0.604969 0.196976
0.046203 0.145572
0.506421 0.181641
0.621301 0.187041
0.585985 0.180994
0.224456 0.214255
0.642937 0.363067
0.355109 0.103024
0.565047 0.114687
0.619626 0.136285
0.593663 0.137581
0.266611 0.181425
0.488275 0.093305
0.425879 0.210799
0.751256 0.482721
0.617532 0.165659
0.893914 0.236933
0.544807 0.094384
0.808208 0.148596
0.628280 0.141037
0.015355 0.088337
0.247069 0.210151
0.072585 0.290929
0.463987 0.095896
0.497208 0.217711
0.371859 0.161339
0.040061 0.130886
0.770519 0.254860
0.468453 0.152052
0.643635 0.227430
0.199888 0.114471
0.343942 0.251404
0.569095 0.163067
0.085567 0.337797
0.308906 0.214687
0.973199 0.184665
0.624093 0.206048
0.513121 0.146652
0.458682 0.244060
0.494835 0.135853
0.179090 0.209503
0.577052 0.123326
0.175879 0.123326
0.835427 0.098704
0.103434 0.114471
0.443607 0.112311
0.654243 0.161987
0.139866 0.121382
0.563093 0.089849
0.562674 0.123110
0.079146 0.120086
0.566583 0.112743
0.639866 0.143844
0.908571 0.165011
0.191653 0.122246
0.610692 0.145140
0.717337 0.512527
0.262144 0.117279
0.076214 0.105400
0.529453 0.096976
0.065745 0.259179
0.573562 0.156371
0.674484 0.152268
0.337242 0.144060
0.595338 0.119438
0.947655 0.257883
0.592965 0.122894
0.502094 0.101296
0.282105 0.164147
0.516611 0.168683
0.999442 0.000216
0.620045 0.106479
0.853713 0.102592
0.886376 0.156803
0.551787 0.115767
0.959659 0.107775
0.608180 0.190281
0.396427 0.135205
0.541178 0.353132
0.275544 0.161555
0.496510 0.281425
0.505583 0.297408
0.554299 0.092657
0.099665 0.361987
0.598827 0.086609
0.913596 0.166739
0.072027 0.272570
0.730597 0.216415
0.664294 0.160259
0.374791 0.146220
0.912898 0.242333
0.617532 0.406048
0.287688 0.288553
0.209659 0.107559
0.172250 0.192441
0.085706 0.119438
0.467197 0.202376
0.166108 0.244060
0.446678 0.097624
0.596873 0.205400
0.296622 0.146004
0.205193 0.177754
0.374511 0.346436
0.025265 0.251620
0.588638 0.206695
0.636935 0.199352
0.588917 0.155724
0.118649 0.105400
0.492323 0.092441
0.383864 0.219222
0.563652 0.109287
0.140843 0.215551
0.098688 0.237797
0.415271 0.201080
0.815606 0.421382
0.574121 0.095248
0.136795 0.108207
0.378559 0.104320
0.060302 0.087689
0.295226 0.233477
0.415550 0.095680
0.497767 0.168683
0.422948 0.144492
0.646566 0.174946
0.447934 0.163283
0.588498 0.149244
0.576912 0.137365
0.598269 0.108855
0.852178 0.158099
0.916806 0.147300
0.016890 0.108207
0.330821 0.152700
0.337521 0.139525
0.156896 0.239957
0.060581 0.119654
0.877164 0.149892
0.855528 0.149676
0.386097 0.146652
0.608459 0.133045
0.667923 0.158315
0.460497 0.109935
0.883026 0.208855
0.013400 0.252916
0.810999 0.098704
0.465522 0.310367
0.191792 0.115119
0.059185 0.226782
0.126745 0.088769
0.550251 0.125486
0.123534 0.391145
0.044668 0.090497
0.402848 0.149244
0.370045 0.194600
0.122418 0.095248
0.181602 0.111663
0.350782 0.196328
0.116276 0.118790
0.507817 0.129806
0.216918 0.204104
0.136097 0.116199
0.253071 0.209719
0.404941 0.221814
0.972083 0.173650
0.976968 0.110367
0.508236 0.662203
0.039363 0.123758
0.683975 0.330886
0.439140 0.122246
0.623674 0.153348
0.630653 0.171490
0.065885 0.260691
0.646706 0.132181
0.947795 0.151620
0.120324 0.487905
0.003769 0.366955
0.389447 0.206479
0.451284 0.123326
0.628141 0.132613
0.049274 0.110151
0.116415 0.115983
0.404662 0.136285
0.288526 0.107775
0.295784 0.157883
0.382328 0.431317
0.725991 0.271706
0.600363 0.139093
0.512982 0.402592
0.966360 0.150108
0.001815 0.310799
0.450307 0.140173
0.071468 0.271922
0.557789 0.104320
0.417225 0.127430
0.293830 0.178834
0.322585 0.138229
0.400614 0.141037
0.113763 0.097624
0.921692 0.103672
0.573841 0.121814
0.969849 0.165227
0.422948 0.114471
0.370603 0.253132
0.346175 0.152052
0.570491 0.110799
0.652010 0.146004
0.628001 0.104104
0.120603 0.269546
0.069375 0.109935
0.565047 0.131102
0.395868 0.194816
0.546762 0.089417
0.380095 0.155724
0.556672 0.117279
0.329564 0.137149
0.633445 0.152268
0.072585 0.111663
0.284478 0.148596
0.604690 0.113175
0.522613 0.095896
0.560302 0.141253
0.946678 0.538229
0.527080 0.146436
0.583333 0.173650
0.023032 0.407343
0.062395 0.245572
0.617951 0.142981
0.440257 0.242333
0.566304 0.391361
0.387633 0.151620
0.277080 0.601512
0.597850 0.139525
0.528197 0.213823
0.604411 0.101296
0.413875 0.102592
0.844221 0.168035
0.895031 0.219870
0.239810 0.086609
0.358319 0.149028
0.511027 0.157667
0.527638 0.108855
0.572166 0.115983
0.556253 0.125486
0.621161 0.122678
0.546203 0.103456
0.063093 0.304536
0.158571 0.109287
0.528476 0.115335
0.998604 0.167819
0.015773 0.226566
0.286153 0.119438
0.402987 0.097408
0.590592 0.146652
0.561139 0.121166
0.512563 0.119870
0.859296 0.138877
0.655500 0.239741
0.065047 0.112095
0.472501 0.260475
0.581240 0.115551
0.400475 0.368683
0.709659 0.404536
0.052205 0.215767
0.160664 0.200000
0.182021 0.336285
0.442071 0.117063
0.567700 0.168467
0.634422 0.140389
0.597711 0.113823
0.036432 0.112095
0.311418 0.303024
0.917644 0.106263
0.539363 0.112959
0.582915 0.091145
0.227945 0.164147
0.343244 0.180778
0.538247 0.197192
0.556533 0.100000
0.428113 0.102808
0.138191 0.432613
0.514657 0.185961
0.952680 0.151404
0.959939 0.152268
0.574121 0.176674
0.229620 0.180778
0.571608 0.159395
0.510050 0.122678
0.607901 0.101296
0.710776 0.259179
0.149079 0.197840
0.613205 0.114687
0.288107 0.211015
0.579146 0.119006
0.305416 0.083801
0.095896 0.205832
0.272613 0.115767
0.531267 0.151836
0.600782 0.112311
0.807649 0.386825
0.656198 0.167171
0.531407 0.305832
0.651591 0.386393
0.388191 0.138445
0.266890 0.162851
0.045784 0.092225
0.568816 0.141901
0.560581 0.155076
0.388749 0.132613
0.441792 0.135853
0.963707 0.154860
0.189978 0.177970
0.055835 0.095032
0.551368 0.101728
0.634701 0.128510
0.635539 0.185745
0.507119 0.141253
0.340173 0.230022
0.637772 0.132613
0.409687 0.236285
0.230039 0.218790
0.163735 0.183153
0.173786 0.126566
0.816583 0.153348
0.887633 0.214471
0.155918 0.322894
0.145310 0.203888
0.588917 0.301296
0.131910 0.126350
0.257538 0.175378
0.323981 0.225702
0.462730 0.180562
0.020240 0.087689
0.451424 0.123326
0.060162 0.109503
0.495394 0.200864
0.087381 0.116199
0.007119 0.122246
0.569375 0.192873
0.107901 0.113823
0.545366 0.531102
0.412619 0.142549
0.624791 0.184449
0.535315 0.092225
0.432440 0.100864
0.395031 0.124190
0.623814 0.103888
0.411921 0.177106
0.428252 0.115551
0.773451 0.301296
0.500558 0.774298
0.389308 0.099136
0.363345 0.106479
0.586683 0.196976
0.062256 0.269114
0.666946 0.148596
0.340313 0.173434
0.517309 0.132181
0.615997 0.112959
0.307231 0.151620
0.372697 0.204536
0.591011 0.130886
0.226968 0.247084
0.962032 0.268251
0.029174 0.115335
0.542016 0.120950
0.367253 0.152052
0.280849 0.133045
0.562535 0.234341
0.924484 0.110799
0.510329 0.207991
0.698632 0.188121
0.551368 0.138013
0.575237 0.190497
0.087102 0.141253
0.382468 0.081857
0.632747 0.123974
0.518286 0.178834
0.727666 0.141901
0.985623 0.177538
0.355807 0.144060
0.593244 0.220518
0.631770 0.193089
0.426438 0.189633
0.515075 0.102160
0.596315 0.618575
0.094919 0.117279
0.248744 0.187689
0.627303 0.146652
0.501675 0.111231
0.337521 0.149244
0.600642 0.122246
0.445840 0.209719
0.547599 0.167603
0.577750 0.147732
0.548018 0.185313
0.601340 0.159395
0.400754 0.151404
0.703518 0.225054
0.681044 0.164147
0.424902 0.103888
0.480318 0.094816
0.975712 0.442333
0.537968 0.093089
0.529453 0.123974
0.212032 0.210583
0.626884 0.253996
0.358599 0.200648
0.028336 0.090281
0.489671 0.150756
0.406896 0.125054
0.392937 0.264795
0.227387 0.123542
0.694305 0.260475
0.384283 0.238445
0.298576 0.084449
0.259631 0.321814
0.115857 0.220302
0.074679 0.126350
0.169738 0.256156
0.591709 0.141901
0.581658 0.097408
0.542155 0.143197
0.524428 0.221598
0.950586 0.176242
0.621720 0.088985
0.552345 0.164795
0.072446 0.207559
0.237298 0.735421
0.441653 0.182289
0.604830 0.097840
0.616555 0.191577
0.683277 0.674298
0.369626 0.106263
0.928252 0.165659
0.124232 0.390929
0.130374 0.131317
0.390983 0.166307
0.428532 0.125702
0.612088 0.086825
0.483668 0.168251
0.399358 0.306695
0.669877 0.152700
0.599386 0.142981
0.694724 0.184233
0.564070 0.146868
0.489810 0.110799
0.003769 0.115119
0.193607 0.118790
0.146566 0.126566
0.490787 0.089633
0.698911 0.196112
0.548297 0.153564
0.512702 0.135853
0.020380 0.121382
0.535315 0.109719
0.563931 0.137365
0.875907 0.595680
0.515355 0.121598
0.052624 0.126134
0.136237 0.134557
0.389308 0.082073
0.497627 0.107559
0.991904 0.278618
0.506840 0.113391
0.575516 0.091361
0.140704 0.114471
0.560441 0.089849
0.539503 0.150108
0.121161 0.487041
0.759352 0.329158
0.572027 0.139957
0.413456 0.122678
0.905500 0.149244
0.346594 0.748812
0.479341 0.146436
0.023730 0.108855
0.997906 0.163931
0.541736 0.100216
0.119626 0.257667
0.107063 0.241469
0.394333 0.528510
0.805416 0.316847
0.593942 0.115335
0.534618 0.127646
0.601759 0.166523
0.720268 0.354428
0.231435 0.172570
0.613624 0.235205
0.557789 0.263931
0.557789 0.157883
0.563931 0.284449
0.197795 0.119870
0.075796 0.111447
0.473758 0.093521
0.586544 0.108423
0.622976 0.147084
0.357063 0.097624
0.743858 0.233693
0.556253 0.110799
0.853853 0.213391
0.144752 0.459611
0.370603 0.154212
0.331240 0.195896
0.515215 0.114471
0.912060 0.179914
0.330262 0.166091
0.197097 0.236501
0.650475 0.138229
0.658850 0.359827
0.463568 0.147732
0.200726 0.383801
0.577331 0.099136
0.080960 0.110367
0.193049 0.228294
0.644891 0.192009
0.669598 0.258963
0.303322 0.197840
0.937744 0.650972
0.526801 0.088553
0.498604 0.335853
0.537549 0.180346
0.428392 0.154212
0.270380 0.196976
0.923786 0.263931
0.108599 0.596112
0.170994 0.248380
0.157873 0.115551
0.684534 0.169114
0.360832 0.157667
0.123953 0.125918
0.630235 0.120734
0.379676 0.195464
0.747069 0.257451
0.583333 0.121166
0.652289 0.189633
0.482831 0.143413
0.277080 0.197624
0.708543 0.209071
0.255165 0.083153
0.501954 0.215767
0.608738 0.124838
0.713707 0.230670
0.126466 0.123974
0.929090 0.111663
0.513400 0.244708
0.610692 0.185313
0.585427 0.090281
0.451424 0.265659
0.129257 0.110367
0.194584 0.185097
0.283640 0.185097
0.539224 0.126566
0.865578 0.437797
0.989252 0.164363
0.965103 0.111663
0.004746 0.270194
0.041318 0.119006
0.244277 0.185313
0.577750 0.131533
0.284199 0.342549
0.605528 0.092873
0.339754 0.133261
0.298297 0.160691
0.566025 0.100000
0.008515 0.108207
0.143774 0.112959
0.981435 0.231102
0.371720 0.131965
0.552205 0.151836
0.620324 0.227430
0.324679 0.156587
0.586683 0.158099
0.446119 0.122678
0.418621 0.118575
0.234506 0.114687
0.123953 0.087905
0.030151 0.122462
0.983250 0.115119
0.517728 0.122246
0.631212 0.117927
0.362228 0.181425
0.536432 0.207127
0.407454 0.150972
0.063512 0.127430
0.180765 0.196976
0.641541 0.123110
0.519263 0.141037
0.640424 0.160691
0.002373 0.337149
0.410804 0.156371
0.815327 0.101296
0.582635 0.131965
0.531128 0.143844
0.268844 0.267819
0.022473 0.407127
0.281128 0.241901
0.618090 0.161339
0.173506 0.270194
0.807510 0.097624
0.520798 0.108855
0.266611 0.081641
0.423088 0.139309
0.276521 0.177538
0.460776 0.138661
0.444444 0.176674
0.423088 0.104320
0.583194 0.143197
0.532803 0.258747
0.441374 0.117711
0.588917 0.187257
0.418621 0.152268
0.751675 0.337797
0.898660 0.419222
0.528894 0.100216
0.039084 0.136717
0.438861 0.134557
0.400614 0.158963
0.041876 0.137797
0.346454 0.166523
0.122138 0.267171
0.414015 0.253564
0.638470 0.179698
0.580402 0.100432
0.075237 0.313823
0.540759 0.244276
0.478085 0.136285
0.280709 0.204104
0.938023 0.149676
0.254886 0.170842
0.107761 0.105184
0.095896 0.107991
0.125070 0.116631
0.346036 0.160691
0.594919 0.130886
0.104271 0.103024
0.896008 0.163283
0.676438 0.171490
0.495952 0.259827
0.623674 0.119006
0.533780 0.141037
0.575098 0.151836
0.300949 0.367387
0.278057 0.148380
0.608459 0.110367
0.452540 0.147948
0.473060 0.146004
0.945980 0.145788
0.439140 0.103240
0.564768 0.171274
0.498604 0.121166
