0.479032 0.585956
0.825806 0.082324
0.311290 0.435835
0.398387 0.537530
0.220968 0.259080
0.419355 0.406780
0.077419 0.382567
0.319355 0.520581
0.414516 0.276029
0.953226 0.222760
0.583871 0.576271
0.858065 0.532688
0.795161 0.493947
0.693548 0.108959
0.166129 0.532688
0.180645 0.193705
0.058065 0.101695
0.961290 0.607748
0.270968 0.440678
0.846774 0.205811
0.614516 0.428571
0.529032 0.288136
0.830645 0.370460
0.803226 0.285714
0.085484 0.481840
0.740323 0.096852
0.785484 0.244552
0.024194 0.331719
0.629032 0.174334
0.267742 0.067797
0.064516 0.912833
0.541935 0.159806
0.582258 0.012107
0.022581 0.276029
0.141935 0.138015
0.972581 0.375303
0.732258 0.070218
0.962903 0.266344
0.241935 0.341404
0.683871 0.014528
0.750000 0.249395
0.401613 0.108959
0.025806 0.157385
0.912903 0.220339
0.208065 0.307506
0.719355 0.285714
0.800000 0.019370
0.408065 0.343826
0.312903 0.336562
0.462903 0.087167
0.685484 0.493947
0.872581 0.031477
0.353226 0.426150
0.588710 0.213075
0.698387 0.220339
0.495161 0.089588
0.635484 0.062954
0.969355 0.489104
0.237097 0.116223
0.514516 0.019370
0.124194 0.016949
0.922581 0.147700
0.762903 0.108959
0.183871 0.917676
0.911290 0.389831
0.117742 0.946731
0.735484 0.370460
0.988710 0.169492
0.322581 0.053269
0.346774 0.309927
0.637097 0.576271
0.645161 0.307506
0.993548 0.469734
0.225806 0.496368
0.917742 0.297821
0.653226 0.508475
0.103226 0.184019
0.566129 0.125908
0.608065 0.479419
0.133871 0.317191
0.708065 0.549637
0.569355 0.331719
