0.452926 0.559140
0.646310 0.643011
0.931298 0.591398
0.096692 0.552688
0.806616 0.483871
0.460560 0.866667
0.460560 0.210753
0.503817 0.374194
0.361323 0.503226
0.694656 0.634409
0.987277 0.438710
0.259542 0.529032
0.430025 0.655914
0.124682 0.866667
0.010178 0.604301
0.862595 0.372043
0.468193 0.294624
0.783715 0.460215
0.157761 0.443011
0.984733 0.696774
0.101781 0.354839
0.063613 0.363441
0.325700 0.318280
0.564885 0.722581
0.165394 0.574194
0.916031 0.477419
0.086514 0.359140
0.106870 0.716129
0.000000 0.043011
0.203562 0.275269
0.936387 0.430108
0.475827 0.341935
0.035623 0.318280
0.272265 0.341935
0.127226 0.404301
0.534351 0.408602
0.066158 0.421505
0.033079 0.645161
0.707379 0.167742
0.938931 0.341935
0.284987 0.320430
0.333333 0.324731
0.832061 0.387097
0.605598 0.488172
0.651399 0.445161
0.201018 0.120430
0.478372 0.440860
0.480916 0.529032
0.435115 0.296774
0.562341 0.184946
0.666667 0.477419
0.620865 0.632258
0.185751 0.449462
0.620865 0.303226
0.956743 0.397849
0.949109 0.266667
0.213740 0.273118
0.292621 0.255914
0.681934 0.361290
0.300254 0.393548
0.007634 0.617204
0.819338 0.490323
0.048346 0.384946
0.078880 0.686022
0.267176 0.326882
0.162850 0.283871
0.513995 0.397849
0.587786 0.367742
0.002545 0.696774
0.465649 0.380645
0.758270 0.703226
0.699746 0.122581
0.984733 0.335484
0.486005 0.281720
0.417303 0.245161
0.025445 0.526882
0.659033 0.406452
0.447837 0.623656
0.676845 0.791398
0.475827 0.412903
0.727735 0.451613
0.012723 0.417204
0.715013 0.507527
0.244275 0.268817
0.496183 0.694624
0.483461 0.234409
0.379135 0.767742
0.562341 0.681720
0.117048 0.427957
0.880407 0.627957
0.834606 0.341935
0.363868 0.617204
0.424936 0.382796
0.628499 0.417204
0.440204 0.503226
0.628499 0.339785
0.798982 0.612903
0.399491 0.447312
0.745547 0.352688
0.012723 0.247312
0.340967 0.572043
0.071247 0.604301
0.134860 0.356989
0.776081 0.492473
0.150127 0.636559
0.363868 0.311828
0.106870 0.630108
0.867684 0.238710
0.206107 0.404301
0.094148 0.331183
0.737913 0.260215
0.608142 0.438710
0.750636 0.298925
0.223919 0.361290
0.888041 0.247312
0.521628 0.182796
0.511450 0.516129
0.687023 0.333333
0.631043 0.389247
0.445293 0.756989
0.335878 0.858065
0.796438 0.202151
0.274809 0.802151
0.134860 0.298925
0.867684 0.430108
0.725191 0.283871
0.898219 0.298925
0.524173 0.763441
0.821883 0.683871
0.231552 0.617204
0.910941 0.531183
0.681934 0.275269
0.310433 0.356989
0.277354 0.634409
0.605598 0.189247
0.569975 0.376344
0.409669 0.329032
0.997455 0.653763
0.231552 0.316129
0.508906 0.486022
0.852417 0.270968
0.910941 0.163441
0.409669 0.565591
0.768448 0.187097
0.409669 0.696774
0.086514 0.260215
0.038168 0.270968
0.061069 0.339785
0.002545 0.412903
0.679389 0.541935
0.559796 0.305376
0.557252 0.346237
0.837150 0.520430
0.511450 0.217204
0.478372 0.311828
0.343511 0.698925
0.577608 0.440860
0.753181 0.436559
0.312977 0.449462
0.178117 0.720430
0.625954 0.316129
0.605598 0.520430
0.798982 0.301075
0.984733 0.288172
0.923664 0.825806
0.251908 0.395699
0.549618 0.505376
0.526718 0.333333
0.804071 0.567742
0.363868 0.378495
0.170483 0.602151
0.824427 0.374194
0.170483 0.333333
0.402036 0.311828
0.445293 0.333333
0.620865 0.944086
0.379135 0.346237
0.089059 0.496774
0.641221 0.417204
0.333333 0.410753
0.040712 0.419355
0.974555 0.479570
0.264631 0.415054
0.208651 0.202151
0.529262 0.561290
0.717557 0.935484
0.096692 0.156989
0.218830 0.468817
0.073791 0.298925
0.903308 0.395699
0.078880 0.264516
0.300254 0.496774
0.498728 0.563441
0.643766 0.286022
0.043257 0.488172
0.788804 0.812903
0.918575 0.647312
0.837150 0.363441
0.521628 0.438710
