0.656269 0.686996
0.699083 0.873094
0.577982 0.845740
0.633028 0.878027
0.742508 0.286547
0.622630 0.866816
0.609786 0.881166
0.743731 0.828700
0.841590 0.641256
0.435474 0.881166
0.949847 0.807175
0.083792 0.862332
0.788991 0.711211
0.095413 0.279821
0.946177 0.685650
0.316820 0.788341
0.432416 0.980717
0.819572 0.872197
0.963303 0.467713
0.085627 0.262332
0.012232 0.242601
0.978593 0.791928
0.661774 0.676233
0.900306 0.796413
0.914373 0.366816
0.629358 0.394619
0.806116 0.726906
0.894190 0.889686
0.881346 0.813004
0.985321 0.854709
0.532110 0.658744
0.407951 0.479821
0.409786 0.801794
0.992661 0.479372
0.509480 0.897758
0.640367 0.659641
0.948624 0.916592
0.497859 0.800448
0.438532 0.994170
0.725994 0.862332
0.562080 0.400448
0.794495 0.343946
0.922936 0.907623
0.849541 0.355157
0.941284 0.672197
0.880734 0.789238
0.637920 0.656054
0.949235 0.439462
0.754740 0.871300
0.488073 0.663677
0.437920 0.738565
0.544343 0.925561
0.916820 0.734529
0.896024 0.751570
0.776147 0.814350
0.361468 0.969058
0.593884 0.806726
0.467890 0.619283
0.985321 0.800448
0.492966 0.883408
0.619572 0.930045
0.555352 0.948430
0.737003 0.288341
0.526606 0.653812
0.501529 0.727803
0.880734 0.693274
0.894801 0.295516
0.920489 0.368161
0.394495 0.928700
0.508257 0.374888
0.815291 0.615695
0.804893 0.891480
0.740673 0.871300
0.626911 0.273991
0.732110 0.842601
0.888685 0.714798
0.402446 0.870404
0.937615 0.639462
0.894801 0.873991
0.823242 0.622422
0.499694 0.917937
0.479511 0.320179
0.801835 0.783408
0.136391 0.994619
0.411009 0.931390
0.061162 0.251121
0.972477 0.697309
0.549847 0.852915
0.486239 0.872197
0.431804 0.763229
0.878287 0.886547
0.808563 0.647982
0.427523 0.226906
0.667890 0.626906
0.434251 0.629596
0.445260 0.390135
0.986544 0.901794
0.661162 0.817937
0.527217 0.666368
0.645872 0.636771
0.060550 0.240807
0.538226 0.737668
0.981040 0.478027
0.529052 0.857848
0.849541 0.822870
0.985933 0.709865
0.369419 0.891480
0.655046 0.965919
0.936391 0.920628
0.520489 0.398655
0.826300 0.819731
0.572477 0.915695
0.703364 0.913004
0.488685 0.933184
0.842202 0.860987
0.825688 0.952018
0.505810 0.853363
0.956575 0.792377
0.970031 0.594170
0.481346 0.546637
0.889908 0.289686
0.985933 0.473991
0.424465 0.224664
0.644037 0.296861
0.510703 0.882063
0.892355 0.878924
0.499694 0.862332
0.774924 0.933632
0.828135 0.299552
0.806116 0.334529
0.688685 0.287444
0.659939 0.896413
0.879511 0.628700
0.948624 0.537668
0.485627 0.638117
0.555352 0.867265
0.792049 0.865919
0.621407 0.280717
0.467278 0.928700
0.722324 0.895067
0.852599 0.632287
0.902752 0.886996
0.392661 0.895516
0.659327 0.664574
0.613456 0.908969
0.908869 0.418386
0.478899 0.895067
0.990826 0.610314
0.754128 0.678475
0.464832 0.629148
0.669113 0.713004
0.391437 0.382960
0.938226 0.736771
0.792661 0.743946
0.788379 0.956502
0.005505 0.247534
0.496636 0.835874
0.490520 0.866816
0.434251 0.164574
0.654434 0.810762
0.768196 0.984305
0.951682 0.891031
0.479511 0.627354
0.853823 0.811659
0.802446 0.364574
0.842202 0.836771
0.919266 0.672197
0.953517 0.713901
0.329664 0.775336
0.363914 0.771300
0.758410 0.830493
0.548624 0.989686
0.749847 0.962780
0.773700 0.873543
0.752905 0.860090
0.900917 0.806726
0.361468 0.927354
0.763914 0.882960
0.863609 0.594170
0.425076 0.749776
0.948012 0.534978
0.469725 0.984753
0.786544 0.978027
0.866055 0.837220
0.803058 0.899552
0.874618 0.818386
0.621407 0.273543
0.676453 0.878027
0.503364 0.549776
0.790214 0.853363
0.777982 0.294170
0.001835 0.279372
0.845260 0.884305
0.649541 0.301794
0.839755 0.817937
0.516208 0.726906
0.644037 0.274888
0.853211 0.827354
0.396330 0.716143
0.768196 0.806726
0.698471 0.713901
0.637920 0.378924
0.880122 0.537220
0.422630 0.227803
0.921713 0.924664
0.975535 0.486099
0.740673 0.279372
0.962691 0.521076
0.828746 0.830045
0.938838 0.709417
0.591437 0.843498
0.988991 0.716143
0.522936 0.821525
0.770031 0.717489
0.771865 0.672646
0.387768 0.916143
0.475229 0.717040
0.807951 0.856502
0.613456 0.786547
0.605505 0.917040
0.499694 0.891480
0.771865 0.911211
0.089908 0.273991
0.774312 0.803139
0.792661 0.672646
0.952294 0.743498
0.428135 0.707175
0.729664 0.276233
0.785933 0.312556
0.906422 0.876682
0.935168 0.856054
0.753517 0.843049
0.896024 0.721525
0.972477 0.751121
0.843425 0.855605
0.543731 0.882063
0.751682 0.795516
0.778593 0.896861
0.736391 0.860987
0.305810 0.964126
0.780428 0.306278
0.997554 0.628251
0.609174 0.270404
0.670336 0.243049
0.495413 0.678475
0.557187 0.824664
0.502141 0.908969
0.509480 0.860987
0.934557 0.795067
0.771254 0.280269
0.781651 0.793722
0.922936 0.426906
0.400612 0.781166
0.417737 0.480269
0.516208 0.956951
0.929664 0.621525
0.637309 0.672646
0.485015 0.632287
0.766972 0.901345
0.577370 0.972197
0.744343 0.787892
0.320489 0.151570
0.054434 0.252915
0.743731 0.794619
0.492355 0.813004
0.968196 0.679372
0.998777 0.462332
0.938838 0.748879
0.745566 0.280717
0.925994 0.725561
0.769419 0.834529
0.759021 0.837668
0.615291 0.635426
0.642202 0.837220
0.940673 0.059193
0.620795 0.831390
0.442813 0.625561
0.523547 0.992377
0.654434 0.279372
0.794495 0.808520
0.733333 0.280269
0.050765 0.241704
0.028135 0.370404
0.883792 0.778475
0.900306 0.417937
0.720489 0.936771
0.367584 0.930493
0.686239 0.860090
0.965138 0.712108
0.799388 0.881166
0.494801 0.544843
0.024465 0.304036
0.464220 0.663677
0.912538 0.978027
0.994495 0.465471
0.434251 0.229596
0.599388 0.400897
0.655657 0.866368
0.001835 0.426457
0.395107 0.738117
0.476453 0.388341
0.899083 0.961883
0.327829 0.915247
0.387768 0.903139
0.645872 0.891928
0.993884 0.810762
0.940673 0.513453
0.924771 0.860090
0.517431 0.908072
0.477676 0.819731
0.997554 0.735874
0.348624 0.777578
0.843425 0.728700
0.832416 0.364574
0.132722 0.212556
0.645260 0.901794
0.870948 0.952466
0.991437 0.626457
0.710703 0.101794
0.488685 0.826009
0.612844 0.843946
0.439755 0.892825
0.820183 0.295067
0.513150 0.762780
0.437309 0.927803
0.711927 0.829596
0.643425 0.300448
0.800000 0.286099
0.608563 0.648430
0.748012 0.287444
0.995719 0.778475
0.646483 0.850224
0.933333 0.294619
0.861162 0.643049
0.924771 0.827803
0.784098 0.337668
0.382263 0.866816
0.930887 0.517489
0.828135 0.645291
0.541896 0.934529
0.714373 0.869507
0.784098 0.665919
0.500306 0.634978
0.280122 0.938565
0.613456 0.857399
0.803058 0.848430
0.959021 0.466816
0.062385 0.276682
0.680734 0.853363
0.785933 0.768161
0.554740 0.903587
0.069725 0.253363
0.418349 0.224215
0.534557 0.665022
0.977982 0.449327
0.487462 0.995067
0.587768 0.913453
0.014067 0.280269
0.419572 0.652018
0.761468 0.629596
0.596942 0.391031
0.248930 0.989238
0.544954 0.950224
0.519266 0.661435
0.863609 0.901345
0.738226 0.284305
0.014679 0.853812
0.314373 0.775785
0.881957 0.875336
0.487462 0.626457
0.614679 0.270404
0.826300 0.852466
0.505199 0.840807
0.689908 0.839462
0.839755 0.689686
0.284404 0.775785
0.515596 0.646188
0.584098 0.330045
0.940673 0.811211
0.991437 0.468161
0.839755 0.361883
0.793884 0.910314
0.060550 0.234978
0.555963 0.936323
0.582263 0.854260
0.051376 0.278475
0.830581 0.856054
0.491743 0.379372
0.495413 0.843946
0.411009 0.910762
0.863609 0.346637
0.791437 0.873094
0.705199 0.293274
0.992049 0.704036
0.732110 0.802242
0.684404 0.799103
0.797554 0.823318
0.900917 0.736771
0.014679 0.432735
0.636697 0.300897
0.773089 0.340807
0.370031 0.916592
0.677676 0.281614
0.998165 0.601794
0.661162 0.891928
0.072171 0.274439
0.916820 0.869955
0.461162 0.716143
0.522936 0.935426
0.810398 0.343946
0.592049 0.906726
0.956575 0.656502
0.962691 0.829596
0.924771 0.786996
0.627523 0.891480
0.993884 0.472197
0.835474 0.852466
0.963914 0.900000
0.789602 0.687444
0.740061 0.276233
0.863609 0.786099
0.515596 0.769058
0.800000 0.887892
0.792049 0.935426
0.512538 0.316592
0.183486 0.213453
0.716820 0.928700
0.724159 0.920628
0.971865 0.640359
0.662997 0.275336
0.714985 0.799103
0.954128 0.814350
0.545566 0.890135
0.694801 0.719731
0.319878 0.963229
0.567584 0.801794
0.770642 0.690135
0.538838 0.998206
0.987768 0.784305
0.770031 0.824664
0.707034 0.808969
0.957187 0.718386
0.919266 0.802691
0.442202 0.874439
0.982263 0.678924
0.669725 0.704484
0.053823 0.276233
0.849541 0.818386
0.411621 0.962780
0.825076 0.567265
0.491131 0.677578
0.697859 0.310314
0.987156 0.491928
0.525382 0.878027
0.981040 0.581614
0.563914 0.853363
0.946789 0.584753
0.321101 0.929148
0.875841 0.348879
0.596330 0.849327
0.771254 0.852018
0.909480 0.779821
0.352905 0.147534
0.999388 0.595067
0.517431 0.831839
0.891131 0.353363
0.633028 0.829148
0.527829 0.942152
0.505199 0.950224
0.562080 0.925112
0.674618 0.895516
0.688073 0.866368
0.901529 0.670852
0.591437 0.892377
0.795107 0.837668
0.426300 0.930493
0.469725 0.732735
0.574312 0.873094
0.100917 0.265022
0.884404 0.356951
0.259327 0.998655
0.782263 0.844395
0.554740 0.734081
0.724771 0.280269
0.033028 0.291031
0.768807 0.636323
0.834862 0.784753
0.640367 0.643049
0.464832 0.851570
0.856269 0.991480
0.549235 0.975336
0.951070 0.673094
0.962691 0.572197
0.705199 0.889686
0.594495 0.633632
0.779205 0.780717
0.722324 0.911211
0.457492 0.859193
0.619572 0.846637
0.771254 0.305381
0.938838 0.876682
0.617737 0.640359
0.010398 0.419283
0.818349 0.726457
0.802446 0.290583
0.584709 0.802691
0.812844 0.348430
0.979817 0.726009
0.914985 0.783857
0.406116 0.878475
0.852599 0.354709
0.522324 0.780269
0.424465 0.833632
0.455046 0.233632
0.477064 0.905830
0.646483 0.816143
0.481346 0.869955
0.900306 0.912556
0.582875 0.942152
0.979817 0.702691
0.859327 0.738117
0.494190 0.947085
0.965138 0.481614
0.705810 0.308520
0.704587 0.852466
0.747401 0.896413
0.821407 0.939013
0.125994 0.992377
0.881957 0.933184
0.454434 0.639910
0.626911 0.811211
0.539450 0.947085
0.449541 0.719731
0.802446 0.314798
0.640367 0.282511
0.914985 0.634978
0.817125 0.856951
0.607951 0.278475
0.151682 0.216143
0.837920 0.672197
0.898471 0.895067
0.825076 0.687444
0.575535 0.804036
0.483792 0.954709
0.598777 0.799103
0.439755 0.904484
0.864832 0.926457
0.885015 0.850673
0.678287 0.709865
0.407951 0.887892
0.466055 0.818386
0.978593 0.911659
0.144343 0.835426
0.612844 0.793274
0.900306 0.364574
0.452599 0.889686
0.088685 0.254260
0.856269 0.871300
0.788379 0.343498
0.955352 0.469955
0.855046 0.786099
0.932110 0.652466
0.551070 0.835874
0.078287 0.269955
0.830581 0.294619
0.354128 0.898655
0.740673 0.905381
0.887462 0.741256
0.690520 0.278475
0.164526 0.215695
0.972477 0.821973
0.845872 0.922870
0.368807 0.822422
0.729664 0.874439
0.830581 0.891031
0.569419 0.864574
0.947401 0.059641
0.751070 0.716143
0.646483 0.857848
0.979205 0.821525
0.625076 0.656054
0.508869 0.869955
0.462997 0.655157
0.035474 0.401345
0.485627 0.921973
0.409174 0.379821
0.646483 0.667713
0.418349 0.892377
0.622018 0.268161
0.676453 0.869955
0.756575 0.284305
0.706422 0.677578
0.765138 0.283857
0.739450 0.552466
0.654434 0.380717
0.773089 0.840807
0.618960 0.784305
0.384098 0.271300
0.919878 0.479821
0.940673 0.678027
0.914373 0.719283
0.359021 0.792377
0.674618 0.860090
0.447706 0.862780
0.756575 0.808072
0.111315 0.974439
0.500917 0.643498
0.040979 0.248879
0.474006 0.882511
0.964526 0.735874
0.581040 0.831839
0.970031 0.800897
0.689908 0.813453
0.349235 0.994170
0.718654 0.856951
0.056269 0.236323
0.425688 0.742152
0.527829 0.848879
0.686850 0.825561
0.789602 0.352915
0.960245 0.058296
0.979205 0.750673
0.722936 0.275785
0.637920 0.820628
0.655046 0.639013
0.780428 0.343498
0.637920 0.927803
0.006116 0.293722
0.677064 0.300448
0.872171 0.686547
0.904587 0.700448
0.508869 0.643946
0.971254 0.587444
0.593884 0.937220
0.679511 0.651570
0.548012 0.913453
0.934557 0.824215
0.896636 0.852466
0.917431 0.297758
0.925994 0.702242
0.917431 0.850224
0.860550 0.940807
0.532110 0.730493
0.927829 0.741704
0.941896 0.758296
0.953517 0.762780
0.792661 0.340807
0.933945 0.613901
0.918654 0.817489
0.432416 0.717937
0.639755 0.289686
0.780428 0.698206
0.307645 0.927803
0.970031 0.630493
0.493578 0.732287
0.919266 0.418386
0.097859 0.271749
0.836086 0.704933
0.538838 0.851121
0.348012 0.827354
0.313761 0.937668
0.849541 0.964126
0.762691 0.705381
0.135780 0.984305
0.067890 0.235426
0.817125 0.356502
0.735780 0.277130
0.598777 0.856054
0.868502 0.350224
0.683792 0.918834
0.762691 0.291031
0.015291 0.249327
0.354128 0.956502
0.933945 0.688341
0.735780 0.990583
0.791437 0.623318
0.740673 0.810314
0.806116 0.672646
0.435474 0.811659
0.984709 0.456054
0.791437 0.703587
0.932110 0.432287
0.933333 0.886099
0.832416 0.807623
0.959633 0.699103
0.771865 0.286099
0.571254 0.940807
0.971865 0.710314
0.433028 0.643498
0.822630 0.288341
0.817737 0.343498
0.921101 0.753363
0.008563 0.375785
0.268502 0.930045
0.946177 0.704933
0.481957 0.856951
0.740673 0.698655
0.734557 0.284753
0.694190 0.895067
0.842813 0.718386
0.701529 0.926457
0.612232 0.902691
0.716820 0.280717
0.406116 0.758296
0.590826 0.861883
0.957187 0.867265
0.683180 0.280269
0.580428 0.821525
0.645872 0.285650
0.402446 0.285650
0.685015 0.301345
0.655046 0.293722
0.622018 0.819731
0.490520 0.899103
0.400000 0.822422
0.954740 0.634529
0.464220 0.228251
0.974312 0.666368
0.561468 0.832735
0.174312 0.213453
0.866667 0.710762
0.272171 0.988789
0.569419 0.869058
0.462385 0.908072
0.710092 0.817040
0.601835 0.895067
0.653211 0.824215
0.877676 0.596413
0.604893 0.731839
0.736391 0.814798
0.516208 0.900448
0.648930 0.843498
0.996330 0.694170
0.795107 0.801345
0.987768 0.571749
0.821407 0.790135
0.821407 0.991928
0.801223 0.312108
0.532110 0.977578
0.654434 0.662780
0.491131 0.857399
0.614679 0.892825
0.436697 0.949327
0.867278 0.730045
0.942508 0.627803
0.742508 0.295067
0.927829 0.832735
0.763303 0.853812
0.978593 0.813004
0.948012 0.513901
0.801835 0.333632
0.798777 0.363229
0.060550 0.282960
0.950459 0.559641
0.478287 0.838117
0.924159 0.678924
0.711927 0.286099
0.810398 0.297309
0.838532 0.870404
0.385321 0.771749
0.974924 0.735426
0.671560 0.284305
0.946177 0.542601
0.463609 0.942152
0.134557 0.212556
0.862385 0.863229
0.955963 0.883857
0.642813 0.681614
0.425076 0.628251
0.038532 0.234529
0.716820 0.809417
0.815902 0.925112
0.689908 0.887444
0.496636 0.641256
0.655657 0.284753
0.947401 0.732735
0.604281 0.779821
0.819572 0.892825
0.795719 0.773094
0.604893 0.421973
0.512538 0.645291
0.465443 0.865471
0.588991 0.268610
0.763303 0.922870
0.808563 0.356054
0.662997 0.405381
0.527829 0.792377
0.632416 0.900000
0.632416 0.639462
0.996330 0.886996
0.952905 0.486547
0.422630 0.902691
0.727217 0.870852
0.623242 0.651570
0.813456 0.694619
0.881346 0.732287
0.960245 0.681614
0.658104 0.837220
0.873394 0.845740
0.573700 0.905381
0.600612 0.885650
0.771865 0.736323
0.466055 0.918386
0.926606 0.716143
0.338226 0.932735
0.639755 0.831390
0.040367 0.278924
0.481346 0.619731
0.850153 0.673543
0.603670 0.269955
0.582875 0.934978
0.970642 0.718834
0.717431 0.817937
0.817737 0.786099
0.853211 0.800000
0.697859 0.826906
0.817125 0.710762
0.363914 0.269058
0.571865 0.418834
0.625688 0.966368
0.706422 0.716592
0.412232 0.764574
0.665443 0.285202
0.540061 0.672646
0.394495 0.223767
0.910703 0.808520
0.980428 0.891031
0.607951 0.876682
0.625076 0.853812
0.864220 0.873094
0.085015 0.266368
0.572477 0.889686
0.044648 0.234529
0.743119 0.847982
0.411009 0.646637
0.639144 0.900448
0.818960 0.904036
0.503364 0.827803
0.637309 0.887892
0.937615 0.746188
0.536391 0.830045
0.870336 0.852466
0.661162 0.926457
0.535168 0.722870
0.794495 0.295964
0.001835 0.970852
0.281346 0.959193
0.740673 0.865022
0.962080 0.909865
0.960245 0.798655
0.632416 0.272646
0.452599 0.792377
0.488073 0.639462
0.446483 0.228700
0.288685 0.956054
0.850765 0.729596
0.891131 0.633184
0.075841 0.235426
0.040367 0.240807
0.676453 0.428251
0.286239 0.931839
0.451376 0.657399
0.618349 0.656951
0.567584 0.793274
0.406728 0.226906
0.776147 0.711659
0.959021 0.643049
0.796942 0.308072
0.606728 0.940359
0.977982 0.467265
0.811621 0.817040
0.541896 0.671749
0.467890 0.860538
0.733333 0.306278
0.878287 0.796861
0.135780 0.963677
0.532110 0.815247
0.530887 0.898655
0.260550 0.984305
0.546177 0.827803
0.765749 0.665022
0.897859 0.289686
0.521101 0.923318
0.932110 0.802242
0.418349 0.290135
0.512538 0.866816
0.897859 0.847982
0.929052 0.670852
0.836086 0.390135
0.662997 0.823767
0.598165 0.947534
0.968807 0.854260
0.813456 0.338117
0.842202 0.999552
0.578593 0.857848
0.517431 0.859193
0.648930 0.296413
0.662385 0.657399
0.966361 0.895964
0.607339 0.656054
0.870336 0.636771
0.631193 0.277130
0.725382 0.775785
0.128440 0.212556
0.888685 0.639462
0.447706 0.824215
0.566972 0.883408
0.381651 0.755157
0.611621 0.279821
0.932722 0.933632
0.480122 0.626009
0.075841 0.254260
0.600612 0.834081
0.042813 0.354709
0.583486 0.895964
0.845872 0.901345
0.607339 0.404933
0.681957 0.284305
0.573089 0.950673
0.608563 0.819731
0.669725 0.849776
0.483180 0.308969
0.487462 0.324215
0.656269 0.693274
0.469725 0.843946
0.639755 0.273094
0.755963 0.291928
0.815291 0.290135
0.622630 0.900000
0.989602 0.897758
0.877676 0.839910
0.821407 0.298655
0.128440 0.309417
0.007951 0.237220
0.297859 0.943049
0.732110 0.934978
0.754740 0.278027
0.933333 0.878924
0.726606 0.887892
0.834862 0.932287
0.793884 0.728251
0.714985 0.246637
0.707034 0.907175
0.535780 0.836323
