0.805513 0.447427
0.085758 0.586130
0.076570 0.516779
0.852986 0.483221
0.143951 0.306488
0.932619 0.812081
0.895865 0.805369
0.251149 0.550336
0.730475 0.375839
0.773354 0.671141
0.905054 0.398210
0.828484 0.727069
0.558959 0.270694
0.597243 0.449664
0.797856 0.225951
0.502297 0.552573
0.831547 0.234899
0.666156 0.228188
0.577335 0.519016
0.554364 0.897092
0.891271 0.225951
0.629403 0.272931
0.519142 0.380313
0.611026 0.255034
0.771822 0.263982
0.232772 0.391499
0.877489 0.232662
0.349158 0.266219
0.497703 0.494407
0.568147 0.431767
0.803982 0.496644
0.811639 0.225951
0.580398 0.315436
0.727412 0.284116
0.698315 0.328859
0.606432 0.637584
0.695253 0.673378
0.609495 0.286353
0.874426 0.458613
0.653905 0.434004
0.491577 0.324385
0.462481 0.373602
0.903522 0.458613
0.652374 0.232662
0.837672 0.398210
0.134763 0.306488
0.715161 0.760626
0.271057 0.472036
0.514548 0.431767
0.964778 0.284116
0.557427 0.532438
0.369066 0.393736
0.716692 0.440716
0.566616 0.570470
0.722818 0.250559
0.977029 0.574944
0.964778 0.890380
0.735069 0.541387
0.359877 0.319911
0.598775 0.512304
0.508423 0.297539
0.794793 0.255034
0.836141 0.590604
0.652374 0.319911
0.284839 0.436242
0.695253 0.798658
0.125574 0.498881
0.246554 0.778523
0.947933 0.765101
0.361409 0.527964
0.640123 0.246085
0.235835 0.483221
0.920368 0.682327
0.419602 0.451902
0.603369 0.825503
0.952527 0.510067
0.840735 0.550336
0.787136 0.416107
0.603369 0.310962
0.222052 0.364653
0.543645 0.554810
0.698315 0.279642
0.865237 0.579418
0.908116 0.223714
0.182236 0.355705
0.522205 0.483221
0.790199 0.225951
0.964778 0.543624
0.684533 0.879195
0.629403 0.378076
0.730475 0.223714
0.347626 0.635347
0.419602 0.400447
0.407351 0.608501
0.134763 0.525727
0.517611 0.619687
0.931087 0.621924
0.914242 0.221477
0.831547 0.903803
0.456355 0.485459
0.456355 0.702461
0.833078 0.277405
0.601838 0.601790
0.581930 0.577181
0.880551 0.357942
0.650842 0.568233
0.762634 0.498881
0.649311 0.480984
0.931087 0.411633
0.672282 0.237136
0.698315 0.232662
0.171516 0.304251
0.886677 0.610738
0.436447 0.539150
0.779479 0.230425
0.770291 0.541387
0.629403 0.592841
0.830015 0.516779
0.744257 0.686801
0.447167 0.387025
0.542113 0.597315
0.794793 0.702461
0.944870 0.736018
0.493109 0.747204
0.623277 0.557047
0.545176 0.657718
0.347626 0.422819
0.248086 0.418345
0.713629 0.664430
0.906585 0.263982
0.437979 0.574944
0.660031 0.617450
0.459418 0.331096
0.629403 0.346756
0.583461 0.467562
0.735069 0.250559
0.188361 0.498881
0.316998 0.458613
0.920368 0.384787
0.784074 0.351230
0.505360 0.697987
0.678407 0.281879
0.347626 0.458613
0.286371 0.404922
0.392037 0.747204
0.764165 0.232662
0.921899 0.219239
0.609495 0.689038
0.471669 0.442953
0.934150 0.713647
0.854518 0.223714
0.546708 0.322148
0.834609 0.765101
0.644717 0.279642
0.753446 0.257271
0.695253 0.532438
0.958652 0.847875
0.094946 0.451902
0.471669 0.610738
0.379786 0.816555
0.701378 0.250559
0.794793 0.467562
0.531394 0.288591
0.052067 0.572707
0.575804 0.496644
0.388974 0.644295
0.306279 0.527964
0.742726 0.809843
0.460949 0.536913
0.376723 0.342282
0.612557 0.416107
0.886677 0.912752
0.468606 0.711409
0.405819 0.348993
0.197550 0.389262
0.843798 0.883669
0.748851 0.230425
0.846861 0.360179
