0.833333 0.620000
0.891667 0.640000
0.036667 0.482500
0.991667 0.300000
0.708333 0.430000
0.526667 0.330000
0.378333 0.210000
0.838333 0.435000
0.405000 0.482500
0.526667 0.445000
0.641667 0.097500
0.690000 0.242500
0.485000 0.262500
0.995000 0.570000
0.340000 0.257500
0.368333 0.072500
0.145000 0.660000
0.515000 0.380000
0.271667 0.192500
0.415000 0.030000
0.975000 0.215000
0.653333 0.765000
0.901667 0.112500
0.325000 0.352500
0.146667 0.815000
0.598333 0.265000
0.333333 0.110000
0.150000 0.342500
0.641667 0.175000
0.046667 0.200000
0.981667 0.455000
0.570000 0.110000
0.593333 0.492500
0.678333 0.095000
0.220000 0.082500
0.410000 0.580000
0.803333 0.287500
0.155000 0.907500
0.051667 0.070000
0.611667 0.420000
0.708333 0.347500
0.548333 0.602500
0.105000 0.565000
0.491667 0.532500
0.098333 0.170000
0.330000 0.830000
0.231667 0.630000
0.185000 0.705000
0.596667 0.047500
0.328333 0.017500
0.006667 0.590000
0.665000 0.190000
0.068333 0.370000
0.526667 0.230000
0.896667 0.322500
0.490000 0.065000
0.995000 0.057500
0.450000 0.255000
0.028333 0.647500
0.765000 0.030000
0.245000 0.732500
0.418333 0.335000
0.688333 0.027500
0.823333 0.755000
0.463333 0.025000
0.450000 0.122500
0.435000 0.065000
0.653333 0.020000
0.240000 0.300000
0.213333 0.470000
0.430000 0.122500
0.170000 0.045000
0.846667 0.020000
0.231667 0.542500
0.815000 0.395000
0.555000 0.055000
0.758333 0.585000
0.385000 0.295000
0.488333 0.442500
0.930000 0.510000
0.543333 0.150000
0.115000 0.125000
0.940000 0.185000
0.908333 0.202500
0.648333 0.600000
0.463333 0.215000
0.025000 0.147500
0.140000 0.047500
0.415000 0.677500
0.503333 0.122500
0.951667 0.137500
0.301667 0.572500
0.690000 0.685000
0.826667 0.197500
0.265000 0.915000
0.536667 0.695000
0.326667 0.182500
0.033333 0.902500
0.515000 0.792500
0.760000 0.665000
0.860000 0.070000
0.566667 0.245000
0.106667 0.820000
0.048333 0.735000
0.971667 0.280000
0.245000 0.042500
0.865000 0.500000
0.331667 0.630000
0.880000 0.162500
0.746667 0.105000
0.926667 0.022500
0.455000 0.777500
0.926667 0.947500
0.795000 0.092500
0.445000 0.442500
0.088333 0.262500
0.763333 0.520000
0.225000 0.365000
0.733333 0.205000
0.738333 0.897500
0.373333 0.150000
0.415000 0.917500
0.951667 0.652500
0.190000 0.172500
0.193333 0.267500
0.635000 0.910000
0.078333 0.482500
