0.441576 0.107943
0.671196 0.230143
0.521739 0.270876
0.599185 0.309572
0.531250 0.138493
0.491848 0.109980
0.430707 0.099796
0.908967 0.466395
0.650815 0.472505
0.300272 0.187373
0.622283 0.052953
0.391304 0.437882
0.648098 0.399185
0.476902 0.501018
0.521739 0.501018
0.639946 0.716904
0.343750 0.331976
0.936141 0.627291
0.637228 0.425662
0.346467 0.144603
0.525815 0.338086
0.592391 0.260692
0.403533 0.236253
0.197011 0.690428
0.495924 0.132383
0.554348 0.054990
0.456522 0.354379
0.535326 0.348269
0.438859 0.397149
0.474185 0.248473
0.633152 0.547862
0.422554 0.476578
0.529891 0.570265
0.501359 0.556008
0.593750 0.336049
0.547554 0.203666
0.627717 0.370672
0.392663 0.038697
0.482337 0.101833
0.366848 0.162933
0.476902 0.199593
0.466033 0.199593
0.357337 0.258656
0.508152 0.132383
0.572011 0.024440
0.455163 0.099796
0.555707 0.299389
0.775815 0.474542
0.413043 0.301426
0.358696 0.376782
0.413043 0.409369
0.500000 0.460285
0.402174 0.384929
0.599185 0.124236
0.479620 0.460285
0.533967 0.260692
0.334239 0.368635
0.536685 0.063136
0.394022 0.688391
0.425272 0.221996
0.581522 0.327902
0.440217 0.472505
0.425272 0.397149
0.415761 0.126273
0.389946 0.476578
0.497283 0.142566
0.457880 0.305499
0.427989 0.303462
0.479620 0.118126
0.417120 0.185336
0.596467 0.472505
0.336957 0.283096
0.551630 0.250509
0.539402 0.126273
0.634511 0.030550
0.491848 0.340122
0.498641 0.378819
0.604620 0.435845
0.434783 0.503055
0.387228 0.085540
0.601902 0.551935
0.436141 0.354379
0.654891 0.437882
0.490489 0.405295
0.506793 0.266802
0.422554 0.032587
0.298913 0.637475
0.389946 0.299389
0.315217 0.535642
0.619565 0.405295
0.220109 0.543788
0.505435 0.201629
0.557065 0.566191
0.372283 0.203666
0.383152 0.289206
0.391304 0.517312
0.538043 0.323829
0.514946 0.596741
0.830163 0.427699
0.436141 0.327902
0.436141 0.205703
0.472826 0.130346
0.608696 0.254582
0.471467 0.034623
0.480978 0.342159
0.347826 0.374745
0.224185 0.682281
0.425272 0.052953
0.415761 0.105906
0.389946 0.183299
0.463315 0.250509
0.517663 0.260692
0.387228 0.460285
0.500000 0.234216
0.351902 0.164969
0.466033 0.454175
0.347826 0.299389
0.552989 0.407332
0.377717 0.389002
0.641304 0.484725
0.400815 0.099796
0.725543 0.429735
0.506793 0.020367
0.375000 0.156823
0.642663 0.044807
0.574728 0.179226
0.408967 0.492872
0.381793 0.274949
0.498641 0.059063
0.972826 0.615071
0.332880 0.283096
0.487772 0.293279
0.642663 0.028513
0.463315 0.228106
0.475543 0.419552
0.335598 0.240326
0.376359 0.028513
0.422554 0.248473
0.444293 0.446029
0.592391 0.531568
0.486413 0.181263
0.658967 0.533605
0.539402 0.238289
0.597826 0.236253
0.463315 0.584521
0.850543 0.262729
0.493207 0.305499
0.410326 0.167006
0.497283 0.340122
0.470109 0.256619
0.745924 0.230143
0.384511 0.498982
0.360054 0.354379
0.474185 0.097760
0.391304 0.154786
0.396739 0.283096
0.460598 0.193483
0.442935 0.091650
0.451087 0.246436
0.399457 0.295316
0.410326 0.443992
0.360054 0.517312
0.355978 0.301426
0.366848 0.301426
0.403533 0.560081
0.366848 0.313646
0.500000 0.114053
0.521739 0.547862
0.932065 0.488798
0.538043 0.081466
0.792120 0.254582
0.455163 0.625255
0.563859 0.482688
0.459239 0.331976
0.437500 0.531568
0.572011 0.441955
0.531250 0.128310
0.509511 0.146640
0.480978 0.219959
0.395380 0.358452
0.528533 0.291242
0.388587 0.226069
0.438859 0.140530
0.449728 0.217923
0.794837 0.498982
0.626359 0.193483
0.857337 0.480652
0.771739 0.242363
0.514946 0.181263
0.505435 0.073320
0.664402 0.405295
0.384511 0.020367
0.360054 0.158859
0.459239 0.492872
0.633152 0.441955
0.407609 0.099796
0.986413 0.494908
0.779891 0.696538
0.516304 0.134420
0.392663 0.065173
0.254076 0.600815
0.489130 0.272912
0.584239 0.116090
0.376359 0.470468
0.517663 0.236253
0.561141 0.348269
0.360054 0.454175
0.470109 0.071283
0.377717 0.118126
0.585598 0.498982
0.563859 0.030550
0.377717 0.539715
0.259511 0.364562
0.648098 0.490835
0.490489 0.197556
0.459239 0.075356
0.745924 0.604888
0.470109 0.358452
0.343750 0.189409
0.513587 0.346232
0.300272 0.386965
0.339674 0.374745
0.373641 0.167006
0.557065 0.494908
0.388587 0.142566
0.451087 0.122200
0.410326 0.596741
0.542120 0.226069
0.324728 0.189409
0.377717 0.014257
0.482337 0.093686
0.559783 0.217923
0.486413 0.305499
0.470109 0.415479
0.479620 0.547862
0.597826 0.244399
0.398098 0.317719
0.486413 0.028513
0.377717 0.319756
0.578804 0.232179
0.767663 0.492872
0.413043 0.030550
0.502717 0.352342
0.513587 0.213849
0.379076 0.260692
0.494565 0.171079
0.544837 0.291242
0.577446 0.346232
0.584239 0.454175
0.527174 0.507128
0.623641 0.258656
0.372283 0.217923
0.589674 0.232179
0.510870 0.297352
0.699728 0.226069
0.305707 0.602851
0.667120 0.454175
0.604620 0.380855
0.394022 0.195519
0.472826 0.460285
0.540761 0.024440
0.547554 0.083503
0.567935 0.417515
0.657609 0.026477
0.263587 0.525458
0.421196 0.148676
0.713315 0.221996
0.482337 0.081466
0.502717 0.177189
0.578804 0.215886
0.365489 0.564155
0.626359 0.344196
0.467391 0.167006
0.544837 0.362525
0.402174 0.364562
0.472826 0.759674
0.455163 0.020367
0.471467 0.529532
0.574728 0.531568
0.567935 0.584521
0.410326 0.309572
0.567935 0.503055
0.601902 0.364562
0.434783 0.124236
0.615489 0.030550
0.472826 0.348269
0.603261 0.509165
0.482337 0.256619
0.444293 0.018330
0.384511 0.370672
0.470109 0.340122
0.523098 0.026477
0.370924 0.030550
0.471467 0.118126
0.487772 0.529532
0.730978 0.720978
0.521739 0.448065
0.802989 0.531568
0.565217 0.315682
0.520380 0.203666
0.296196 0.433809
0.399457 0.116090
0.388587 0.338086
0.323370 0.391039
0.822011 0.272912
0.316576 0.372709
0.615489 0.547862
0.461957 0.283096
0.509511 0.101833
0.610054 0.342159
0.317935 0.639511
0.377717 0.244399
0.581522 0.158859
0.182065 0.515275
0.517663 0.336049
0.418478 0.281059
0.921196 0.470468
0.524457 0.236253
0.413043 0.364562
0.400815 0.189409
0.425272 0.346232
0.387228 0.560081
0.713315 0.645621
0.400815 0.425662
0.455163 0.399185
0.978261 0.472505
0.288043 0.195519
0.402174 0.138493
0.517663 0.723014
0.588315 0.285132
0.419837 0.380855
0.426630 0.372709
0.551630 0.209776
0.417120 0.052953
0.517663 0.112016
0.403533 0.211813
0.899457 0.631365
0.349185 0.511202
0.177989 0.580448
0.650815 0.417515
0.607337 0.032587
0.449728 0.606925
0.351902 0.293279
0.483696 0.236253
0.683424 0.446029
0.410326 0.513238
0.444293 0.268839
0.338315 0.262729
0.798913 0.409369
0.457880 0.535642
0.399457 0.527495
0.410326 0.293279
0.353261 0.678208
0.436141 0.181263
0.600543 0.340122
0.582880 0.547862
