0.451878 0.181250
0.728873 0.091667
0.144366 0.783333
0.586854 0.910417
0.821596 0.095833
0.760563 0.075000
0.426056 0.166667
0.061033 0.362500
0.954225 0.845833
0.106808 0.160417
0.528169 0.464583
0.481221 0.247917
0.924883 0.529167
0.392019 0.545833
0.691315 0.008333
0.354460 0.335417
0.322770 0.375000
0.960094 0.770833
0.903756 0.054167
0.916667 0.945833
0.612676 0.629167
0.268779 0.510417
0.906103 0.754167
0.947183 0.941667
0.471831 0.510417
0.580986 0.502083
0.588028 0.564583
0.296948 0.145833
0.920188 0.845833
0.700704 0.616667
0.671362 0.510417
0.237089 0.081250
0.698357 0.454167
0.596244 0.014583
0.963615 0.879167
0.433099 0.579167
0.877934 0.141667
0.908451 0.595833
0.494131 0.314583
0.448357 0.987500
0.732394 0.262500
0.480047 0.647917
0.886150 0.050000
0.612676 0.979167
0.384977 0.966667
0.768779 0.170833
0.650235 0.827083
0.507042 0.529167
0.685446 0.262500
0.958920 0.729167
0.881455 0.029167
0.859155 0.006250
0.090376 0.058333
0.907277 0.095833
0.525822 0.095833
0.895540 0.527083
0.873239 0.329167
0.714789 0.283333
0.063380 0.306250
0.315728 0.508333
0.738263 0.143750
0.644366 0.012500
0.572770 0.456250
0.379108 0.641667
0.634977 0.112500
0.703052 0.254167
0.379108 0.139583
0.906103 0.275000
0.016432 0.408333
0.718310 0.035417
0.321596 0.658333
0.713615 0.637500
0.660798 0.618750
0.355634 0.662500
0.983568 0.893750
0.281690 0.479167
0.553991 0.264583
0.617371 0.618750
0.823944 0.785417
0.463615 0.479167
0.620892 0.525000
0.492958 0.479167
0.430751 0.418750
0.680751 0.579167
0.430751 0.039583
0.661972 0.397917
0.569249 0.587500
0.553991 0.456250
0.849765 0.789583
0.713615 0.004167
0.531690 0.252083
0.528169 0.587500
0.372066 0.425000
0.906103 0.312500
0.632629 0.535417
0.035211 0.352083
0.299296 0.093750
0.796948 0.050000
0.761737 0.868750
0.636150 0.247917
0.097418 0.439583
0.700704 0.543750
0.659624 0.043750
0.373239 0.352083
0.846244 0.062500
0.980047 0.643750
0.965962 0.614583
0.266432 0.818750
0.586854 0.250000
0.474178 0.352083
0.301643 0.110417
0.617371 0.018750
0.748826 0.179167
0.968310 0.747917
0.653756 0.312500
0.542254 0.556250
0.333333 0.025000
0.780516 0.975000
0.517606 0.045833
0.191315 0.991667
0.973005 0.558333
0.816901 0.868750
0.444836 0.337500
0.504695 0.583333
0.680751 0.612500
0.311033 0.906250
0.901408 0.412500
0.836854 0.041667
0.384977 0.468750
0.616197 0.443750
0.881455 0.591667
0.503521 0.550000
0.917840 0.704167
0.309859 0.170833
0.057512 0.022917
0.865023 0.439583
0.916667 0.043750
0.370892 0.462500
0.654930 0.518750
0.598592 0.079167
0.847418 0.120833
0.667840 0.502083
0.381455 0.581250
0.733568 0.845833
0.422535 0.354167
0.734742 0.216667
0.421362 0.264583
0.661972 0.104167
0.681925 0.506250
0.352113 0.022917
0.627934 0.402083
0.755869 0.052083
0.444836 0.525000
0.922535 0.302083
0.265258 0.093750
0.476526 0.570833
0.733568 0.127083
0.174883 0.862500
0.003521 0.537500
0.719484 0.891667
0.404930 0.475000
0.134977 0.191667
0.551643 0.343750
0.877934 0.439583
0.626761 0.958333
0.090376 0.587500
0.619718 0.722917
0.145540 0.137500
0.669014 0.364583
0.055164 0.437500
0.760563 0.129167
0.078638 0.160417
0.419014 0.645833
0.573944 0.504167
0.569249 0.547917
0.806338 0.083333
0.424883 0.493750
0.684272 0.322917
0.970657 0.433333
0.982394 0.304167
0.664319 0.147917
0.987089 0.535417
0.205399 0.172917
0.130282 0.041667
0.558685 0.108333
0.900235 0.383333
0.262911 0.439583
0.661972 0.647917
0.562207 0.504167
0.875587 0.402083
0.401408 0.354167
0.280516 0.097917
0.144366 0.858333
0.874413 0.283333
0.678404 0.102083
0.014085 0.364583
0.116197 0.120833
0.455399 0.431250
0.507042 0.141667
0.346244 0.879167
0.287559 0.462500
0.651408 0.264583
0.579812 0.350000
0.454225 0.329167
0.710094 0.381250
0.714789 0.183333
0.933099 0.737500
0.637324 0.064583
0.913146 0.783333
0.048122 0.787500
0.604460 0.327083
0.978873 0.775000
0.313380 0.577083
0.922535 0.070833
0.545775 0.039583
0.967136 0.979167
0.650235 0.575000
0.408451 0.583333
0.724178 0.529167
0.708920 0.408333
0.976526 0.389583
0.800469 0.868750
0.731221 0.066667
0.116197 0.579167
0.124413 0.858333
0.847418 0.904167
0.721831 0.583333
0.971831 0.110417
0.084507 0.316667
0.692488 0.522917
0.965962 0.318750
0.093897 0.039583
0.857981 0.029167
0.688967 0.860417
0.605634 0.552083
0.462441 0.579167
0.595070 0.587500
0.458920 0.095833
0.943662 0.020833
0.521127 0.420833
0.927230 0.408333
0.981221 0.285417
0.981221 0.035417
0.428404 0.518750
0.070423 0.025000
0.836854 0.950000
0.664319 0.975000
0.463615 0.391667
0.699531 0.579167
0.519953 0.279167
0.943662 0.897917
0.562207 0.633333
0.034038 0.414583
0.329812 0.181250
0.530516 0.122917
0.339202 0.439583
0.045775 0.612500
0.346244 0.456250
0.478873 0.372917
0.339202 0.370833
0.109155 0.089583
0.604460 0.900000
0.726526 0.295833
0.666667 0.077083
0.491784 0.379167
0.765258 0.043750
0.697183 0.918750
0.588028 0.531250
0.877934 0.239583
0.293427 0.435417
0.123239 0.308333
0.990610 0.385417
0.805164 0.962500
0.862676 0.533333
0.549296 0.154167
0.580986 0.145833
0.538732 0.366667
0.919014 0.504167
0.218310 0.125000
0.073944 0.347917
0.293427 0.895833
0.708920 0.100000
0.969484 0.518750
0.954225 0.322917
0.712441 0.320833
0.022300 0.264583
0.494131 0.989583
0.088028 0.393750
0.892019 0.250000
0.291080 0.854167
0.962441 0.047917
0.872066 0.902083
0.284038 0.397917
0.177230 0.020833
0.449531 0.402083
0.446009 0.470833
0.842723 0.958333
0.983568 0.666667
0.826291 0.864583
0.870892 0.789583
0.888498 0.777083
0.165493 0.170833
0.075117 0.114583
0.341549 0.587500
0.015258 0.785417
0.957746 0.564583
0.637324 0.560417
0.590376 0.960417
0.103286 0.070833
0.931925 0.995833
0.125587 0.822917
0.353286 0.377083
0.602113 0.460417
0.562207 0.200000
0.630282 0.912500
0.615023 0.175000
0.049296 0.077083
0.748826 0.014583
0.369718 0.397917
0.582160 0.295833
0.883803 0.470833
0.626761 0.316667
0.759390 0.829167
0.393192 0.027083
0.867371 0.064583
0.504695 0.041667
0.599765 0.510417
0.380282 0.516667
0.566901 0.260417
0.949531 0.537500
0.099765 0.822917
0.978873 0.616667
0.130282 0.958333
0.264085 0.556250
0.627934 0.508333
0.544601 0.572917
0.625587 0.150000
0.951878 0.504167
0.985915 0.329167
0.829812 0.087500
0.725352 0.608333
0.089202 0.975000
0.734742 0.045833
0.068075 0.520833
0.787559 0.935417
0.401408 0.022917
0.462441 0.185417
0.893192 0.110417
0.911972 0.250000
0.690141 0.295833
0.617371 0.068750
0.631455 0.041667
0.363850 0.558333
0.077465 0.247917
0.515258 0.520833
0.285211 0.562500
0.685446 0.202083
0.920188 0.004167
0.677230 0.666667
0.192488 0.166667
0.417840 0.029167
0.066901 0.943750
0.957746 0.064583
0.727700 0.389583
0.583333 0.062500
0.796948 0.108333
0.677230 0.052083
0.873239 0.014583
0.545775 0.525000
0.895540 0.570833
0.926056 0.104167
0.597418 0.043750
0.448357 0.268750
0.160798 0.020833
0.548122 0.302083
0.050469 0.520833
0.591549 0.152083
0.965962 0.387500
0.591549 0.266667
0.580986 0.029167
0.906103 0.008333
0.778169 0.035417
0.411972 0.522917
0.542254 0.070833
0.904930 0.452083
0.639671 0.604167
0.698357 0.066667
0.279343 0.070833
0.910798 0.383333
0.510563 0.179167
0.455399 0.218750
0.631455 0.287500
0.514085 0.395833
0.153756 0.066667
0.711268 0.827083
0.481221 0.483333
0.968310 0.912500
0.671362 0.020833
0.220657 0.066667
0.652582 0.285417
0.609155 0.256250
