0.238281 0.366667
0.518311 0.084259
0.964844 0.720370
0.493896 0.030556
0.572510 0.041667
0.532227 0.323611
0.345215 0.149537
0.149170 0.450000
0.624756 0.368519
0.123291 0.343981
0.885742 0.228704
0.773926 0.316204
0.062988 0.313426
0.367432 0.032407
0.654297 0.044444
0.601807 0.038426
0.813232 0.337037
0.838623 0.318981
0.536377 0.028704
0.563721 0.218981
0.042236 0.216204
0.643066 0.041204
0.454346 0.350463
0.914062 0.258333
0.555420 0.334259
0.210938 0.289352
0.357178 0.023148
0.565430 0.148611
0.154297 0.312963
0.691895 0.194907
0.385742 0.222685
0.571777 0.173611
0.798828 0.066667
0.433594 0.252778
0.404541 0.135185
0.394531 0.042130
0.106445 0.707407
0.776855 0.209722
0.476074 0.265278
0.105469 0.313889
0.519043 0.795833
0.438965 0.174074
0.739502 0.266667
0.616943 0.028704
0.364502 0.207870
0.466553 0.072222
0.715332 0.331019
0.579590 0.321759
0.581055 0.109259
0.145020 0.243519
0.554932 0.080556
0.464111 0.026389
0.989258 0.243056
0.415771 0.219907
0.982666 0.317593
0.415527 0.391667
0.658936 0.120833
0.530029 0.201389
0.181885 0.293519
0.862061 0.967130
0.404053 0.172685
0.573730 0.421296
0.498535 0.224537
0.981934 0.895833
0.959229 0.236574
0.379150 0.079167
0.596680 0.173611
0.737793 0.197222
0.391357 0.021296
0.617188 0.207870
0.610840 0.268519
0.448242 0.123148
0.626465 0.042130
0.385010 0.139352
0.243408 0.749537
0.343262 0.250926
0.945312 0.472685
0.749756 0.354630
0.336182 0.054630
0.361816 0.067130
0.489258 0.167130
0.897217 0.599074
0.582764 0.237500
0.424316 0.040278
0.884277 0.366667
0.754395 0.316667
0.377441 0.265741
0.689697 0.258796
0.503174 0.128241
0.066162 0.412500
0.357666 0.243056
0.458496 0.224074
0.428711 0.123611
0.688232 0.077315
0.265869 0.556019
0.673340 0.102315
0.683350 0.332870
0.017334 0.332407
0.648193 0.320833
0.606201 0.413426
0.405273 0.080556
0.786865 0.776852
0.662842 0.299537
0.550781 0.036574
0.511230 0.295370
0.197266 0.242130
0.442383 0.055556
0.479248 0.198148
0.824951 0.531481
