0.119355 0.210654
0.987097 0.365617
0.858065 0.733656
0.506452 0.740920
0.082258 0.200969
0.588710 0.234867
0.417742 0.215496
0.033871 0.537530
0.816129 0.428571
0.183871 0.222760
0.117742 0.479419
0.837097 0.227603
0.233871 0.467312
0.308065 0.157385
0.227419 0.193705
0.720968 0.682809
0.561290 0.939467
0.637097 0.234867
0.927419 0.593220
0.979032 0.416465
0.659677 0.203390
0.929032 0.455206
0.366129 0.602906
0.259677 0.578692
0.867742 0.452785
0.753226 0.278450
0.912903 0.217918
0.511290 0.300242
0.027419 0.680387
0.045161 0.443099
0.612903 0.213075
0.472581 0.542373
0.141935 0.941889
0.688710 0.188862
0.359677 0.200969
0.301613 0.421308
0.550000 0.309927
0.108065 0.184019
0.664516 0.496368
0.161290 0.464891
0.714516 0.426150
0.970968 0.956416
0.512903 0.506053
0.004839 0.246973
0.224194 0.842615
0.791935 0.251816
