0.197273 0.703086
0.525455 0.547123
0.811364 0.280234
0.359091 0.503753
0.289545 0.591326
0.708636 0.468724
0.242273 0.526272
0.789091 0.201835
0.061364 0.663887
0.680909 0.256047
0.482727 0.405338
0.391364 0.580484
0.291364 0.512093
0.315000 0.605505
0.804545 0.411176
0.460909 0.528774
0.364545 0.422852
0.575909 0.347790
0.678182 0.409508
0.598636 0.507923
0.876818 0.190158
0.908182 0.265221
0.166818 0.597164
0.630000 0.381985
0.908636 0.358632
0.733182 0.307756
0.536818 0.444537
0.125909 0.722269
0.249545 0.676397
0.412727 0.443703
0.229545 0.595496
0.465455 0.451209
