0.255639 0.509632
0.442356 0.478109
0.616541 0.471103
0.005013 0.541156
0.604010 0.476357
0.588972 0.567426
0.675439 0.490368
0.363409 0.507881
0.330827 0.495622
0.223058 0.537653
0.497494 0.474606
0.781955 0.472855
0.165414 0.504378
0.506266 0.493870
0.647870 0.479860
0.699248 0.474606
0.660401 0.476357
0.738095 0.464098
0.518797 0.472855
0.458647 0.471103
0.567669 0.467601
0.884712 0.472855
0.812030 0.476357
0.555138 0.574431
0.848371 0.474606
0.538847 0.478109
0.476190 0.474606
0.551378 0.476357
0.899749 0.478109
0.130326 0.534151
0.063910 0.542907
0.956140 0.469352
0.291980 0.504378
0.870927 0.469352
