0.055102 0.456522
0.208163 0.518116
0.433673 0.217391
0.472449 0.331522
0.091837 0.148551
0.960204 0.677536
0.459184 0.347826
0.514286 0.311594
0.675510 0.307971
0.709184 0.478261
0.161224 0.219203
0.126531 0.184783
0.100000 0.403986
0.730612 0.476449
0.545918 0.311594
0.113265 0.182971
0.708163 0.670290
0.700000 0.610507
0.117347 0.202899
0.250000 0.639493
0.883673 0.762681
0.139796 0.173913
0.448980 0.260870
0.246939 0.503623
0.539796 0.342391
0.751020 0.326087
0.438776 0.405797
0.896939 0.547101
0.086735 0.615942
0.459184 0.416667
0.650000 0.431159
0.802041 0.255435
0.879592 0.679348
0.792857 0.471014
0.581633 0.489130
0.164286 0.253623
0.177551 0.744565
0.981633 0.521739
0.161224 0.130435
0.280612 0.543478
0.283673 0.670290
0.588776 0.672101
0.140816 0.257246
0.418367 0.411232
0.627551 0.440217
0.969388 0.759058
0.662245 0.469203
0.382653 0.764493
0.263265 0.565217
0.741837 0.532609
0.171429 0.579710
0.054082 0.063406
0.485714 0.708333
0.467347 0.494565
0.493878 0.188406
0.319388 0.635870
0.131633 0.242754
0.075510 0.713768
0.736735 0.382246
0.384694 0.344203
0.125510 0.150362
0.482653 0.398551
0.179592 0.445652
0.296939 0.655797
0.342857 0.235507
0.617347 0.588768
0.037755 0.596014
0.362245 0.219203
0.066327 0.407609
0.450000 0.202899
0.140816 0.590580
0.518367 0.434783
0.116327 0.153986
0.194898 0.458333
0.958163 0.809783
0.916327 0.543478
0.340816 0.219203
0.002041 0.681159
0.155102 0.413043
0.467347 0.233696
0.581633 0.420290
0.982653 0.704710
0.305102 0.771739
0.148980 0.237319
0.498980 0.318841
0.176531 0.668478
0.887755 0.534420
0.707143 0.338768
0.140816 0.239130
0.643878 0.585145
0.940816 0.463768
0.060204 0.070652
0.217347 0.494565
0.082653 0.699275
0.775510 0.650362
0.065306 0.108696
0.676531 0.262681
0.300000 0.539855
0.221429 0.579710
0.450000 0.233696
0.922449 0.873188
0.484694 0.329710
0.422449 0.262681
0.323469 0.764493
0.133673 0.413043
0.169388 0.211957
0.063265 0.610507
0.477551 0.476449
0.707143 0.260870
0.144898 0.208333
0.628571 0.614130
0.211224 0.702899
0.162245 0.159420
0.442857 0.202899
0.153061 0.251812
0.563265 0.317029
0.138776 0.150362
0.544898 0.567029
0.134694 0.635870
0.610204 0.268116
0.590816 0.280797
0.845918 0.512681
0.078571 0.451087
