0.388889 0.524471
0.099206 0.521825
0.760913 0.602513
0.506944 0.563492
0.685516 0.603836
0.214782 0.578704
0.843254 0.543651
0.016369 0.654762
0.599206 0.455688
0.120536 0.556217
0.569940 0.500000
0.506448 0.528439
0.109127 0.603836
0.593750 0.601190
0.212798 0.554894
0.675099 0.558201
0.545139 0.472884
0.641865 0.520503
0.711310 0.634259
0.902282 0.606481
0.712798 0.534392
0.668155 0.609788
0.756448 0.578704
0.391369 0.658069
0.383433 0.550265
0.605655 0.534392
0.456349 0.565476
0.782242 0.588624
0.569444 0.510582
0.667163 0.601852
0.812996 0.625000
0.364087 0.573413
0.199901 0.515873
0.974702 0.656746
0.808532 0.588624
0.757937 0.566799
0.293155 0.637566
0.565972 0.583333
0.764881 0.561508
0.871032 0.759259
0.860615 0.529762
0.554563 0.459656
0.410218 0.466270
0.636905 0.562831
0.041171 0.541005
0.670139 0.528439
0.514881 0.519180
0.539187 0.460317
0.452381 0.602513
0.282242 0.579365
0.379464 0.520503
0.406250 0.596561
0.723710 0.589286
0.276786 0.531746
0.271825 0.606481
0.391865 0.507275
0.892857 0.609788
0.630952 0.602513
0.611111 0.581349
0.502480 0.545635
0.407738 0.489418
0.611607 0.405423
0.623512 0.561508
0.298611 0.621693
0.015873 0.523810
0.794643 0.625000
0.893353 0.572090
0.536210 0.472222
0.689980 0.488095
0.295635 0.506614
0.678571 0.515212
0.603175 0.560847
0.047123 0.590608
0.540179 0.548280
0.505952 0.468915
0.131448 0.583995
0.719246 0.595899
0.648313 0.539683
0.425595 0.506614
0.221726 0.614418
0.066964 0.609788
0.689980 0.603836
0.302083 0.562831
0.670635 0.456349
0.385417 0.622354
0.816964 0.545635
0.686012 0.624339
0.285218 0.660714
0.581845 0.507275
0.500496 0.462302
0.048611 0.608466
0.236607 0.613095
0.201885 0.546958
0.401786 0.525132
0.740079 0.527778
0.661210 0.448413
0.389881 0.494048
0.675099 0.539021
0.665179 0.449735
0.157242 0.653439
0.866567 0.527778
0.791667 0.582672
0.597718 0.492063
0.079861 0.571429
0.504960 0.474868
0.506944 0.591931
0.935020 0.574735
0.425595 0.496032
0.596230 0.574074
0.675099 0.824074
0.490575 0.516534
0.437500 0.558201
0.625000 0.558201
0.119048 0.503968
0.227183 0.545635
0.627976 0.456349
0.397817 0.511905
0.620536 0.465608
0.952877 0.611111
0.400298 0.503968
0.325397 0.556878
0.669643 0.510582
0.193452 0.609127
0.038194 0.572090
0.967758 0.585979
0.764881 0.591931
0.575397 0.566138
0.505952 0.626323
0.480655 0.587302
0.695437 0.561508
0.629960 0.500661
0.759921 0.576058
0.830853 0.586640
0.526786 0.464286
0.327877 0.613757
0.574901 0.538360
0.468750 0.547619
0.746528 0.522487
0.734623 0.557540
0.652282 0.521164
0.869048 0.573413
0.169643 0.552249
0.979663 0.608466
0.543155 0.486772
0.635417 0.529762
0.441964 0.604497
0.416667 0.526455
0.104663 0.614418
0.668651 0.559524
0.361607 0.515212
0.159722 0.552249
0.745536 0.583333
0.421131 0.520503
0.665179 0.463624
0.733631 0.575397
0.445933 0.618386
0.969246 0.620370
0.728175 0.518519
0.305556 0.628968
0.063492 0.641534
0.696925 0.490741
0.423611 0.480820
0.348710 0.567460
0.681052 0.568783
0.657738 0.556217
0.534226 0.521825
0.236607 0.529101
0.705357 0.601190
0.396825 0.550265
0.370536 0.603175
0.368056 0.519841
0.339286 0.645503
0.825893 0.494048
0.411706 0.505952
0.277282 0.638228
0.632937 0.553571
0.652282 0.449074
0.475694 0.601190
0.897817 0.574074
0.700397 0.605159
0.333333 0.513228
0.016865 0.593915
0.927579 0.593254
0.415675 0.489418
0.228671 0.609127
0.384921 0.566138
0.540179 0.511905
0.518849 0.623677
0.811012 0.527778
0.641865 0.552249
0.662698 0.550926
0.655754 0.644180
0.459325 0.513889
0.591766 0.500000
0.032738 0.647487
0.799107 0.568783
0.491567 0.601190
0.718750 0.579365
0.162698 0.618386
0.646329 0.585979
0.191964 0.529101
0.571925 0.500000
0.819940 0.591931
0.198413 0.568783
0.597222 0.484127
0.867063 0.559524
0.426587 0.480820
0.076389 0.539683
0.538690 0.492063
0.262401 0.562169
0.808036 0.611772
0.569444 0.467593
0.523313 0.483466
0.076885 0.530423
0.329861 0.591270
0.583333 0.578042
0.929563 0.615741
0.784722 0.632937
0.776786 0.565476
0.732639 0.599206
0.101190 0.632937
0.128968 0.500000
0.457341 0.587963
0.129464 0.626323
0.829861 0.578042
0.715278 0.566138
0.181052 0.617725
0.375000 0.498677
0.795139 0.604497
0.352679 0.582672
0.689484 0.533730
0.619544 0.488095
0.404266 0.505291
0.599206 0.535053
0.671627 0.478836
0.991567 0.612434
0.081845 0.529101
0.130456 0.552910
0.090774 0.523810
0.208829 0.607804
0.417163 0.482143
0.133929 0.496032
0.751984 0.616402
0.532738 0.562831
0.405754 0.580026
0.523313 0.563492
0.533730 0.460317
0.009425 0.596561
0.726687 0.568122
0.622520 0.523810
0.470238 0.572751
0.852679 0.599868
0.196429 0.552910
0.380952 0.603836
0.698413 0.586640
0.548611 0.461640
0.523313 0.465608
0.345734 0.604497
0.454365 0.523148
0.091766 0.573413
0.471726 0.511905
0.576885 0.468915
0.314980 0.555556
0.688492 0.558862
0.516865 0.464947
0.593254 0.534392
0.298611 0.505291
0.641369 0.599868
0.408730 0.525794
0.584325 0.465608
0.779266 0.605159
0.437004 0.588624
0.504464 0.511905
0.717758 0.554894
0.375000 0.546296
0.803571 0.544312
0.423115 0.498677
0.463790 0.578704
0.876984 0.601852
0.447917 0.525132
0.838294 0.629630
0.914187 0.589947
0.404266 0.467593
0.089782 0.624339
0.836310 0.541667
0.559524 0.480820
0.545635 0.559524
0.496528 0.527778
0.054563 0.573413
0.223214 0.577381
0.427579 0.555556
0.488591 0.567460
0.827381 0.648148
0.618552 0.543651
0.605655 0.634259
0.990079 0.622354
0.430060 0.606481
0.653770 0.604497
0.607639 0.406746
0.616567 0.613095
0.196925 0.654101
0.268353 0.624339
0.155258 0.542989
0.341270 0.566799
0.580853 0.541667
0.138889 0.512566
0.795139 0.544312
0.243552 0.610450
0.644345 0.566799
0.488095 0.636243
0.262897 0.604497
0.252480 0.557540
0.031746 0.528439
0.483631 0.501984
0.475198 0.522487
0.743552 0.542328
0.509921 0.506614
0.376984 0.500000
0.588294 0.480159
0.113095 0.629630
0.508929 0.580026
0.011409 0.625000
0.468254 0.557540
0.213790 0.570106
0.540179 0.472222
0.679563 0.607143
0.029266 0.523810
0.549107 0.625661
0.382440 0.503968
0.632937 0.482143
0.783730 0.550926
0.050595 0.544974
0.442956 0.496032
0.489583 0.578042
0.587302 0.501984
0.532242 0.468915
0.463294 0.609127
0.116567 0.474868
0.572917 0.527116
0.921627 0.642857
0.413690 0.605159
0.162698 0.602513
0.873512 0.560185
0.931052 0.633598
0.293651 0.508598
0.078869 0.559524
0.107143 0.476190
0.968750 0.574735
0.352679 0.595899
0.845238 0.603836
0.933036 0.601852
0.259425 0.574074
0.380952 0.812831
0.701885 0.558862
0.994544 0.777778
0.695933 0.593915
0.026290 0.526455
0.065972 0.538360
0.527778 0.508598
0.418651 0.462963
0.509425 0.523148
0.424603 0.527778
0.522321 0.807540
0.653274 0.426587
0.723710 0.537698
0.815476 0.560847
0.134921 0.611772
0.899802 0.501984
0.282242 0.613757
0.443948 0.565476
0.242063 0.642857
0.684524 0.487434
0.743552 0.574074
0.530754 0.529101
0.114583 0.589947
0.218254 0.552249
0.385417 0.557540
0.661210 0.523810
0.393849 0.567460
0.078373 0.537698
0.119544 0.470899
0.326389 0.566799
0.564980 0.567460
0.849206 0.649471
0.287698 0.577381
0.403274 0.606481
0.563492 0.472884
0.342262 0.593254
0.910714 0.578042
0.587302 0.525132
0.659226 0.563492
0.692460 0.569444
0.588294 0.465608
0.646329 0.508598
0.699901 0.494048
0.022817 0.577381
0.611607 0.516534
0.591270 0.557540
0.211310 0.501984
0.675595 0.622354
0.354663 0.615079
0.915675 0.609127
0.953373 0.577381
0.941468 0.636905
0.351687 0.509921
0.653770 0.554233
0.241567 0.587302
0.323413 0.633598
0.785218 0.562831
0.824901 0.495370
0.551091 0.555556
0.419147 0.562831
0.503968 0.464286
0.911210 0.501984
0.332837 0.537698
0.166667 0.573413
0.524802 0.523148
0.235615 0.564153
0.762401 0.612434
0.207341 0.617063
0.361607 0.556217
0.416667 0.489418
0.511409 0.548280
0.631448 0.586640
0.334325 0.605820
0.657738 0.583333
0.300595 0.591931
0.790179 0.589947
0.755456 0.521825
0.578869 0.479497
0.087302 0.535053
0.601687 0.553571
0.806052 0.571429
0.750000 0.563492
0.784722 0.541667
0.924107 0.546958
0.465774 0.519841
0.527282 0.445767
0.800595 0.555556
0.514385 0.531085
0.646825 0.519180
0.134921 0.475529
0.764385 0.525132
0.776786 0.519841
0.134425 0.513889
0.857639 0.562831
0.517857 0.488095
0.448413 0.636243
0.719246 0.604497
0.895337 0.601190
0.590278 0.488095
0.318452 0.571429
0.654266 0.528439
0.420635 0.594577
0.578869 0.551587
0.221230 0.501984
0.321429 0.534392
0.526786 0.484788
0.572917 0.468915
0.617560 0.555556
0.029266 0.593254
0.559028 0.495370
0.562500 0.500000
0.321429 0.609127
0.950893 0.585317
0.609127 0.542989
0.548115 0.486772
0.623512 0.456349
0.853175 0.626323
0.710317 0.580026
0.314484 0.530423
0.183532 0.469577
0.128472 0.513228
0.216766 0.523810
0.062996 0.564815
0.343254 0.509921
0.600694 0.613095
0.923115 0.560847
0.528274 0.472222
0.315476 0.505952
0.373512 0.509921
0.376984 0.509921
0.520337 0.466931
0.555556 0.556217
0.542659 0.464286
0.692460 0.528439
0.513889 0.466931
0.249008 0.614418
0.891369 0.560847
0.416667 0.617063
0.056548 0.519841
0.676587 0.591270
0.500992 0.479497
0.384425 0.495370
0.408234 0.482143
0.880456 0.563492
0.851687 0.550265
0.867560 0.606481
0.478175 0.501984
0.117560 0.473545
0.544147 0.525794
0.248512 0.575397
0.885913 0.574074
0.589286 0.544974
0.096230 0.607143
0.014881 0.539683
0.353175 0.522487
0.560020 0.537698
0.114087 0.599868
0.436508 0.579365
0.612599 0.490079
0.766865 0.599206
0.542163 0.538360
0.413194 0.555556
0.288690 0.556217
0.107143 0.575397
0.128968 0.526455
0.654266 0.563492
0.444444 0.589286
0.373512 0.574074
