0.157227 0.523438
0.363281 0.492188
0.693848 0.182292
0.467773 0.514757
0.418457 0.380208
0.367188 0.162326
0.224121 0.164931
0.363281 0.469618
0.065918 0.545139
0.461914 0.245660
0.354492 0.204861
0.520508 0.308160
0.212891 0.491319
0.674316 0.037326
0.761230 0.467014
0.550293 0.009549
0.416504 0.443576
0.503418 0.089410
0.860352 0.257812
0.447754 0.051215
0.598633 0.541667
0.732422 0.413194
0.658691 0.231771
0.696777 0.551215
0.757812 0.330729
0.452148 0.128472
0.771484 0.537326
0.301758 0.453993
0.554199 0.061632
0.821777 0.504340
0.612793 0.208333
0.243652 0.296875
0.743652 0.156250
0.313965 0.322049
0.310547 0.069444
0.652832 0.285590
0.079102 0.304688
0.619141 0.349826
0.872070 0.536458
0.853027 0.449653
0.795898 0.399306
0.588867 0.082465
0.255371 0.058160
0.590820 0.296007
0.010742 0.309896
0.130371 0.471354
0.545898 0.217882
0.510254 0.433160
0.083496 0.263021
0.798340 0.373264
0.232910 0.332465
0.265137 0.686632
0.597656 0.109375
0.420898 0.019097
0.260254 0.216146
0.583008 0.425347
0.440430 0.480035
0.633789 0.067708
0.562012 0.166667
0.095215 0.244792
0.072266 0.401910
0.983398 0.229167
0.591797 0.024306
0.302734 0.107639
0.001465 0.376736
0.654785 0.385417
0.465820 0.360243
0.888672 0.539062
0.471191 0.301215
0.285156 0.156250
0.317871 0.420139
0.133789 0.013889
0.709961 0.293403
0.644531 0.145833
0.374023 0.129340
0.486816 0.565972
0.282715 0.249132
0.659180 0.456597
0.723145 0.217014
0.757324 0.264757
0.388184 0.335069
0.242676 0.128472
0.548828 0.263889
0.516602 0.148438
0.202148 0.409722
0.133301 0.381076
0.371582 0.098090
0.556152 0.365451
0.018066 0.305556
0.518066 0.024306
0.492676 0.223090
0.601074 0.500868
0.539551 0.099826
0.481445 0.009549
0.385742 0.037326
0.433594 0.171875
0.845215 0.234375
0.015137 0.473090
0.220215 0.098090
0.425781 0.217014
0.705078 0.357639
0.770996 0.175347
0.636719 0.005208
0.717773 0.421007
0.276855 0.539931
0.370605 0.235243
0.963379 0.248264
0.301758 0.097222
0.552246 0.473958
0.291992 0.370660
0.433594 0.066840
0.434082 0.134549
0.348145 0.022569
0.542969 0.361111
0.652832 0.361111
0.379883 0.286458
0.500977 0.052083
