0.826000 0.565868
0.144000 0.585329
0.376000 0.531437
0.536000 0.510479
0.417000 0.495509
0.391000 0.517964
0.436000 0.517964
0.511000 0.504491
0.236000 0.549401
0.695000 0.529940
0.502000 0.534431
0.453000 0.510479
0.498000 0.507485
0.450000 0.500000
0.033000 0.594311
0.777000 0.610778
0.260000 0.529940
0.387000 0.513473
0.490000 0.513473
0.835000 0.522455
0.364000 0.529940
0.182000 0.603293
0.069000 0.592814
0.863000 0.571856
0.448000 0.519461
0.447000 0.546407
0.725000 0.559880
0.555000 0.516467
0.461000 0.508982
0.474000 0.514970
0.533000 0.523952
0.317000 0.579341
0.620000 0.600299
0.244000 0.523952
0.541000 0.544910
0.661000 0.526946
0.279000 0.508982
0.467000 0.495509
0.201000 0.541916
