0.013000 0.384000
0.400500 0.345667
0.766250 0.801667
0.014000 0.326333
0.283750 0.411000
0.755000 0.358667
0.009000 0.322667
0.652750 0.457667
0.980500 0.689333
0.612500 0.485333
0.496750 0.722000
0.252500 0.339333
0.034250 0.438000
0.422000 0.458667
0.379000 0.416000
0.811250 0.564667
0.286250 0.757667
0.473750 0.439000
0.750250 0.757667
0.067250 0.488000
0.575250 0.356000
0.690000 0.345667
0.389750 0.341000
0.055750 0.322333
0.044000 0.325000
0.504500 0.458667
0.296000 0.333333
0.398250 0.338000
0.263500 0.387333
0.298750 0.455000
0.110000 0.473333
0.298750 0.563000
0.376500 0.450667
0.069250 0.394333
0.054000 0.387333
0.894500 0.537000
0.706000 0.357000
0.158750 0.439667
0.801000 0.344667
0.819500 0.359333
0.946750 0.371000
0.531000 0.480000
0.378750 0.338667
0.376250 0.344333
0.853500 0.658667
0.191500 0.409667
0.681000 0.462000
0.344750 0.411667
0.188750 0.373667
0.446250 0.608333
0.228000 0.402000
0.113000 0.331000
0.883500 0.543000
0.058750 0.494667
0.529750 0.628667
0.280250 0.706667
0.942750 0.365667
0.658500 0.476667
0.790500 0.354000
0.359500 0.657667
0.857500 0.374333
0.494000 0.354333
0.495250 0.432000
0.109000 0.552333
0.349750 0.456667
0.817750 0.348667
0.600750 0.452667
0.571000 0.447667
0.458250 0.350000
0.341500 0.436333
0.785750 0.362667
0.082000 0.535000
0.308500 0.339667
0.498750 0.455333
0.445250 0.465000
0.797500 0.522333
0.558250 0.637000
0.080250 0.329000
0.651500 0.348333
0.772500 0.358000
0.908500 0.481333
0.851750 0.756333
0.795750 0.462667
0.272250 0.628000
0.108750 0.391667
0.866000 0.477333
0.897500 0.474667
0.134000 0.389000
0.683250 0.454000
0.002250 0.393667
0.168750 0.698667
0.639000 0.437000
0.901500 0.524333
0.390750 0.538333
0.465250 0.342000
0.319750 0.670000
0.961750 0.575000
0.275750 0.556333
0.070250 0.452000
0.266000 0.335000
0.079500 0.415333
0.433500 0.343000
0.698250 0.352000
0.493250 0.772000
0.367750 0.520000
0.371750 0.417667
0.532750 0.777333
0.170000 0.422667
0.677500 0.480667
0.415250 0.338333
0.645750 0.446333
0.291000 0.402667
0.352250 0.559000
0.346000 0.619333
0.632000 0.503333
0.537500 0.571667
0.005000 0.319333
0.742500 0.354333
0.027750 0.503000
0.141750 0.491667
0.337000 0.491667
0.643250 0.645667
0.051250 0.427667
0.453750 0.730667
0.789750 0.587667
0.404750 0.470667
0.417000 0.416667
0.443750 0.341000
0.632500 0.475000
0.304250 0.414000
0.794500 0.355000
0.777500 0.368667
0.606500 0.364000
0.883000 0.354667
0.984750 0.641333
0.122000 0.440667
0.459500 0.474667
0.074000 0.397333
0.333000 0.464667
0.558250 0.517667
0.318750 0.513333
0.856500 0.514333
0.044500 0.520000
0.438750 0.443667
0.162000 0.397000
0.442000 0.508333
0.461750 0.429000
0.954750 0.360667
0.103000 0.442000
0.722000 0.465000
0.979500 0.381667
0.320000 0.334333
0.621500 0.466000
0.313500 0.599333
0.742500 0.535000
0.866750 0.368000
0.997250 0.398667
0.483000 0.569000
0.929500 0.512000
0.625000 0.541333
0.404500 0.513000
0.094750 0.427000
0.104750 0.425667
0.492500 0.458667
0.367000 0.464667
0.706250 0.789000
0.947250 0.540333
0.738750 0.451333
0.568250 0.361667
0.701000 0.455667
0.187750 0.423667
0.336500 0.518333
0.878500 0.373000
0.480500 0.344667
0.418500 0.343333
0.364250 0.447000
0.157500 0.488667
0.024250 0.322333
0.744500 0.460000
0.492250 0.506667
0.270250 0.585667
0.341250 0.333333
0.591250 0.352333
0.814500 0.493667
0.300000 0.336333
0.398250 0.418000
0.190500 0.433333
0.521500 0.458667
0.331000 0.337333
0.533750 0.708000
0.404750 0.534000
0.746000 0.360000
0.887500 0.748000
0.278250 0.412667
0.415750 0.463333
0.151250 0.397333
0.334500 0.423000
0.317250 0.438000
0.720000 0.533667
0.997500 0.909000
0.775500 0.343333
0.583250 0.360333
0.787250 0.352667
0.649250 0.512667
0.090250 0.409000
0.454500 0.455667
0.354500 0.525000
0.661750 0.662667
0.101500 0.399333
0.943250 0.653667
0.325250 0.336333
0.147000 0.387667
0.107750 0.455667
0.120750 0.327000
0.040000 0.402667
0.366000 0.595667
0.911250 0.372667
0.783250 0.470667
0.976000 0.372667
0.477750 0.342000
0.998000 0.529333
0.702750 0.507000
0.149000 0.436667
0.981500 0.590667
0.119500 0.569000
0.923000 0.381333
0.835250 0.451000
0.086000 0.426667
0.992500 0.394667
0.929000 0.359667
0.730750 0.343667
0.597750 0.349000
0.455000 0.652667
0.591000 0.642000
0.433500 0.587667
0.096250 0.522333
0.037500 0.419333
0.329000 0.543000
0.594250 0.695667
0.107250 0.382667
0.942750 0.486333
0.135500 0.448667
0.090250 0.565000
0.598500 0.474333
0.778750 0.655000
0.416750 0.449667
0.077250 0.391000
0.243000 0.400667
0.556000 0.439333
0.594000 0.388333
0.666000 0.570667
0.948500 0.850000
0.278500 0.464000
0.212500 0.437667
0.063250 0.326000
0.071000 0.415667
0.080500 0.432000
0.404000 0.433333
0.946000 0.384000
0.818750 0.612333
0.447000 0.501333
0.603750 0.567000
0.059500 0.456000
0.818250 0.533000
0.902750 0.386333
0.468250 0.519000
0.252000 0.441667
0.362500 0.341333
0.066750 0.426667
0.754750 0.368667
0.016500 0.609000
0.039250 0.398333
0.258500 0.398667
0.207000 0.406000
0.554250 0.354000
0.557250 0.342667
0.822750 0.356000
0.906000 0.371000
0.670000 0.446000
0.805750 0.606333
0.035250 0.548000
0.536250 0.442667
0.160500 0.448667
0.345000 0.346667
0.081500 0.323667
0.243750 0.426000
0.179250 0.421333
0.132750 0.377333
0.374500 0.468000
0.464750 0.451000
0.705250 0.527000
0.621750 0.434000
0.569500 0.502333
0.282250 0.383667
0.552000 0.487333
0.095250 0.640333
0.095250 0.599000
0.299000 0.399333
0.223500 0.438333
0.027500 0.316667
0.621750 0.353667
0.419000 0.338667
0.005500 0.438000
0.257500 0.422667
0.001250 0.410333
0.891250 0.691000
0.145750 0.408333
0.718250 0.344333
0.111000 0.423667
0.539250 0.509667
0.627500 0.463333
0.810250 0.465333
0.481250 0.482333
0.307000 0.333667
0.138250 0.404667
0.861250 0.362667
0.651000 0.425000
0.835000 0.358000
0.390250 0.638000
0.773500 0.525667
0.128250 0.469667
0.987500 0.542000
