0.459150 0.387952
0.563725 0.385542
0.547386 0.400000
0.619281 0.527711
0.395425 0.816867
0.933007 0.359036
0.544118 0.359036
0.147059 0.710843
0.982026 0.409639
0.598039 0.366265
0.383987 0.489157
0.434641 0.498795
0.578431 0.363855
0.767974 0.763855
0.563725 0.436145
0.704248 0.932530
0.303922 0.479518
0.418301 0.691566
0.540850 0.575904
0.965686 0.392771
0.653595 0.944578
0.419935 0.884337
0.488562 0.351807
0.573529 0.508434
0.717320 0.542169
0.630719 0.428916
0.488562 0.645783
0.485294 0.390361
0.514706 0.513253
0.506536 0.363855
0.284314 0.667470
0.490196 0.585542
0.521242 0.385542
0.534314 0.356627
0.081699 0.901205
0.550654 0.380723
0.434641 0.383133
0.302288 0.971084
0.400327 0.404819
0.696078 0.571084
0.612745 0.573494
0.429739 0.448193
0.444444 0.380723
0.411765 0.612048
0.325163 0.628916
0.452614 0.409639
0.320261 0.896386
0.529412 0.392771
0.509804 0.445783
0.549020 0.445783
0.578431 0.390361
0.176471 0.848193
0.519608 0.556627
0.586601 0.428916
0.629085 0.865060
0.598039 0.440964
0.602941 0.732530
0.509804 0.428916
0.472222 0.520482
0.542484 0.660241
0.385621 0.457831
