0.343750 0.470919
0.160000 0.397749
0.483750 0.414634
0.560000 0.474672
0.323750 0.452158
0.586250 0.487805
0.465000 0.409006
0.443750 0.469043
0.077500 0.440901
0.708750 0.418386
0.040000 0.457786
0.382500 0.439024
0.121250 0.472795
0.218750 0.463415
0.503750 0.482176
0.236250 0.476548
0.990000 0.472795
0.277500 0.412758
0.367500 0.401501
0.426250 0.448405
0.168750 0.448405
0.602500 0.425891
0.927500 0.469043
0.752500 0.452158
0.413750 0.431520
0.610000 0.484053
0.646250 0.420263
0.832500 0.527205
0.390000 0.502814
0.468750 0.472795
0.256250 0.472795
0.918750 0.452158
0.503750 0.420263
0.306250 0.454034
0.096250 0.405253
0.256250 0.410882
0.198750 0.455910
0.393750 0.418386
0.776250 0.427767
0.870000 0.439024
0.958750 0.442777
0.571250 0.424015
0.778750 0.472795
0.352500 0.392120
0.963750 0.502814
0.527500 0.455910
0.831250 0.424015
0.006250 0.459662
0.450000 0.399625
0.541250 0.461538
0.382500 0.407129
0.642500 0.469043
0.755000 0.429644
0.063750 0.399625
0.941250 0.467167
