0.255833 0.382022
0.483750 0.439067
0.626667 0.337943
0.948333 0.605013
0.159583 0.171132
0.460417 0.337079
0.260000 0.248055
0.366667 0.218669
0.038750 0.281763
0.192083 0.226448
0.931667 0.494382
0.066667 0.202247
0.640000 0.394987
0.747917 0.399309
0.170417 0.474503
0.589167 0.440795
0.518333 0.395851
0.515833 0.271392
0.339583 0.208297
0.479167 0.540190
0.008333 0.178911
0.061250 0.442524
0.280417 0.704408
0.699583 0.363008
0.384167 0.322385
0.096667 0.133103
0.027500 0.180640
0.862083 0.467589
0.372917 0.508211
0.266250 0.192740
