0.610417 0.088889
0.935417 0.522222
0.160417 0.127778
0.991667 0.038889
0.906250 0.447222
0.381250 0.269444
0.656250 0.536111
0.495833 0.616667
0.243750 0.191667
0.310417 0.127778
0.210417 0.538889
0.025000 0.475000
0.827083 0.416667
0.975000 0.272222
0.777083 0.555556
0.181250 0.577778
0.706250 0.650000
0.937500 0.594444
0.991667 0.405556
0.289583 0.027778
0.685417 0.388889
0.402083 0.075000
0.893750 0.588889
0.835417 0.058333
0.512500 0.252778
0.464583 0.022222
0.331250 0.444444
0.183333 0.041667
0.016667 0.555556
0.106250 0.175000
0.393750 0.461111
0.281250 0.330556
0.735417 0.016667
0.952083 0.272222
0.814583 0.244444
0.664583 0.258333
0.200000 0.702778
0.618750 0.547222
0.429167 0.566667
0.227083 0.461111
0.614583 0.161111
0.760417 0.094444
0.131250 0.383333
0.468750 0.216667
0.560417 0.447222
0.085417 0.416667
0.783333 0.505556
0.418750 0.341667
