0.250977 0.347656
0.632812 0.347656
0.919922 0.343750
0.042969 0.569010
0.578125 0.380208
0.834961 0.378906
0.546875 0.372396
0.742188 0.367188
0.323242 0.410156
0.349609 0.341146
0.120117 0.325521
0.151367 0.359375
0.176758 0.334635
0.459961 0.380208
0.113281 0.442708
0.820312 0.373698
0.607422 0.381510
0.390625 0.380208
0.370117 0.373698
0.198242 0.328125
0.794922 0.373698
0.275391 0.371094
0.526367 0.376302
0.326172 0.341146
0.084961 0.345052
0.451172 0.319010
0.864258 0.365885
0.692383 0.315104
0.712891 0.352865
0.021484 0.361979
0.512695 0.371094
0.490234 0.351562
0.655273 0.347656
