0.262500 0.655000
0.832500 0.676667
0.488750 0.086667
0.957500 0.250000
0.307500 0.890000
0.966250 0.343333
0.151250 0.266667
0.923750 0.398333
0.398750 0.456667
0.776250 0.238333
0.216250 0.013333
0.028750 0.093333
0.136250 0.173333
0.168750 0.616667
0.095000 0.050000
0.191250 0.075000
0.683750 0.190000
0.160000 0.763333
0.891250 0.541667
0.056250 0.016667
0.830000 0.070000
0.440000 0.075000
0.146250 0.103333
0.282500 0.018333
0.703750 0.220000
0.981250 0.103333
0.095000 0.871667
0.415000 0.360000
0.217500 0.988333
0.408750 0.165000
0.535000 0.535000
0.193750 0.120000
0.353750 0.120000
0.155000 0.568333
0.853750 0.138333
0.375000 0.763333
0.326250 0.143333
0.628750 0.460000
0.480000 0.968333
0.006250 0.171667
0.983750 0.428333
0.037500 0.681667
0.066250 0.173333
0.856250 0.271667
0.927500 0.571667
0.422500 0.400000
0.323750 0.673333
0.135000 0.023333
0.610000 0.421667
0.658750 0.988333
0.648750 0.281667
0.681250 0.143333
0.866250 0.585000
0.031250 0.840000
0.132500 0.953333
0.480000 0.608333
0.183750 0.308333
0.258750 0.140000
0.051250 0.613333
0.892500 0.105000
0.290000 0.486667
0.205000 0.755000
0.185000 0.891667
0.035000 0.150000
0.232500 0.123333
0.548750 0.593333
0.197500 0.693333
0.746250 0.175000
0.901250 0.186667
0.441250 0.126667
0.656250 0.153333
0.683750 0.171667
0.121250 0.046667
0.745000 0.996667
0.561250 0.345000
0.805000 0.650000
0.586250 0.238333
0.793750 0.110000
0.723750 0.695000
0.330000 0.716667
0.318750 0.601667
0.810000 0.176667
0.598750 0.555000
0.941250 0.506667
0.220000 0.066667
0.523750 0.130000
0.503750 0.828333
0.416250 0.985000
0.041250 0.480000
0.076250 0.373333
0.222500 0.910000
0.011250 0.606667
0.741250 0.241667
0.917500 0.140000
0.770000 0.081667
0.376250 0.141667
0.816250 0.500000
0.608750 0.191667
0.260000 0.571667
0.013750 0.373333
0.967500 0.221667
0.821250 0.251667
0.152500 0.066667
0.838750 0.225000
0.972500 0.788333
0.593750 0.723333
0.637500 0.851667
0.516250 0.198333
0.251250 0.086667
0.173750 0.020000
0.338750 0.188333
0.918750 0.693333
0.551250 0.278333
0.576250 0.676667
0.763750 0.470000
0.365000 0.525000
0.888750 0.315000
0.106250 0.131667
0.693750 0.670000
0.401250 0.013333
0.496250 0.050000
0.511250 0.263333
0.102500 0.728333
0.448750 0.551667
0.137500 0.625000
0.546250 0.183333
0.351250 0.023333
0.923750 0.483333
0.963750 0.173333
0.470000 0.736667
0.467500 0.181667
0.931250 0.180000
0.187500 0.253333
0.616250 0.166667
0.248750 0.035000
0.470000 0.123333
0.951250 0.430000
0.036250 0.560000
0.675000 0.476667
0.546250 0.235000
0.466250 0.013333
0.116250 0.313333
0.771250 0.583333
0.246250 0.261667
0.048750 0.070000
0.761250 0.263333
0.605000 0.498333
0.852500 0.321667
0.533750 0.321667
0.187500 0.163333
0.780000 0.180000
0.693750 0.610000
0.396250 0.590000
0.816250 0.153333
0.038750 0.030000
0.885000 0.255000
0.881250 0.156667
0.351250 0.561667
0.038750 1.010000
0.958750 0.313333
0.623750 0.240000
0.766250 0.116667
0.457500 0.828333
0.893750 0.485000
0.528750 0.093333
0.188750 0.551667
0.093750 0.283333
0.931250 0.255000
0.445000 0.690000
0.850000 0.086667
0.512500 0.945000
0.577500 0.193333
