0.105469 0.886284
0.753125 0.593200
0.909375 0.565064
0.705469 0.592028
0.593750 0.554513
0.469531 0.808910
0.353125 0.568581
0.934375 0.683470
0.300781 0.815944
0.457031 0.878077
0.625781 0.575615
0.941406 0.631887
0.751563 0.634232
0.303906 0.535756
0.629687 0.899179
0.610156 0.772567
0.653906 0.549824
0.168750 0.584994
0.229687 0.545135
0.945312 0.597890
0.219531 0.708089
0.092969 0.633060
0.138281 0.561547
0.335156 0.875733
0.350781 0.732708
0.094531 0.567409
0.427344 0.492380
0.570312 0.541618
0.734375 0.561547
0.335156 0.622509
