0.228369 0.575000
0.502128 0.962500
0.102128 0.487500
0.719149 0.575000
0.574468 0.395000
0.658156 0.447500
0.170213 0.372500
0.285106 0.537500
0.696454 0.922500
0.785816 0.640000
0.144681 0.295000
0.916312 0.400000
0.387234 0.400000
0.592908 0.490000
0.909220 0.027500
0.009929 0.010000
0.279433 0.185000
0.214184 0.682500
0.446809 0.032500
0.543262 0.615000
0.235461 0.990000
0.136170 0.047500
0.351773 0.275000
0.219858 0.765000
0.258156 0.705000
0.988652 0.397500
0.129078 0.130000
0.102128 0.187500
0.692199 0.350000
0.248227 0.057500
0.954610 0.255000
0.109220 0.322500
0.818440 0.227500
0.165957 0.177500
0.536170 0.787500
0.798582 0.125000
0.479433 0.547500
0.514894 0.122500
0.270922 0.270000
0.458156 0.347500
0.527660 0.195000
0.981560 0.447500
0.374468 0.585000
0.109220 0.580000
0.198582 0.112500
0.817021 0.307500
0.082270 0.862500
0.860993 0.985000
0.916312 0.207500
0.086525 0.410000
0.463830 0.672500
0.930496 0.845000
0.425532 0.180000
0.195745 0.505000
0.405674 0.487500
0.052482 0.320000
0.164539 0.465000
0.283688 0.930000
0.295035 0.787500
0.638298 0.237500
0.327660 0.300000
0.042553 0.132500
0.341844 0.450000
0.368794 0.072500
0.215603 0.290000
0.035461 0.190000
0.910638 0.670000
0.655319 0.115000
0.089362 0.252500
0.344681 0.210000
0.822695 0.460000
0.957447 0.300000
0.107801 0.010000
0.609929 0.070000
0.696454 0.190000
0.046809 0.097500
0.398582 0.732500
0.543262 0.325000
0.068085 0.547500
0.887943 0.037500
0.862411 0.132500
0.767376 0.500000
0.994326 0.157500
0.008511 0.247500
0.015603 0.470000
0.110638 0.385000
0.568794 0.730000
0.553191 0.537500
0.710638 0.107500
0.548936 0.265000
0.802837 0.360000
0.841135 0.865000
0.988652 0.757500
0.950355 0.547500
0.007092 0.587500
0.297872 0.460000
0.378723 0.920000
0.051064 0.952500
0.110638 0.675000
0.218440 0.200000
0.156028 0.230000
0.019858 0.657500
0.729078 0.270000
0.468085 0.860000
0.436879 0.260000
0.687943 0.802500
0.035461 0.040000
0.292199 0.090000
0.200000 0.415000
0.503546 0.080000
0.990071 0.560000
0.262411 0.402500
0.981560 0.087500
0.070922 0.077500
0.304965 0.360000
0.879433 0.572500
0.953191 0.975000
0.415603 0.137500
0.080851 0.140000
0.641135 0.612500
0.490780 0.425000
0.024113 0.400000
0.323404 0.155000
0.851064 0.735000
0.008511 0.830000
0.292199 0.602500
