0.104615 0.087500
0.118462 0.771875
0.533846 0.603125
0.527692 0.931250
0.747692 0.731250
0.236923 0.975000
0.401538 0.918750
0.341538 0.475000
0.730769 0.428125
0.658462 0.475000
0.004615 0.596875
0.995385 0.240625
0.946154 0.721875
0.526154 0.328125
0.756923 0.506250
0.880000 0.756250
0.313846 0.225000
0.381538 0.231250
0.018462 0.159375
0.107692 0.850000
0.943077 0.362500
0.906154 0.959375
0.087692 0.600000
0.263077 0.690625
0.363077 0.575000
0.263077 0.262500
0.187692 0.134375
0.186154 0.931250
0.598462 0.621875
0.740000 0.137500
0.641538 0.321875
0.947692 0.465625
0.030769 0.446875
0.800000 0.268750
0.109231 0.718750
0.495385 0.106250
0.335385 0.971875
0.306154 0.759375
0.680000 0.706250
0.766154 0.621875
0.961538 0.206250
0.650769 0.125000
0.133846 0.303125
0.456923 0.865625
0.453846 0.968750
0.727692 0.615625
0.209231 0.134375
0.807692 0.943750
0.649231 0.812500
0.721538 0.240625
0.144615 0.468750
0.992308 0.843750
0.660000 0.378125
0.889231 0.262500
0.975385 0.109375
0.198462 0.784375
0.255385 0.456250
0.280000 0.046875
0.689231 0.571875
0.861538 0.478125
0.443077 0.156250
0.721538 0.934375
0.990769 0.509375
0.476923 0.603125
0.303077 0.603125
0.392308 0.662500
0.546154 0.512500
0.958462 0.837500
0.900000 0.531250
0.556923 0.418750
0.444615 0.315625
0.353846 0.337500
0.487692 0.700000
0.593846 0.243750
0.456923 0.484375
0.861538 0.118750
0.752308 0.350000
0.826154 0.412500
0.772308 0.190625
